11/01/2017,17,18.98,16.55,18.5,7393691
11/02/2017,18.05,18.2,17.33,17.47,918388
11/03/2017,17.5,19.4,17.5,19.23,806563
11/06/2017,19.06,19.6,18.101,19,410646
11/07/2017,18.99,19.945,18.85,19.6,988838
11/08/2017,19.55,20.38,18.62,20.35,536089
11/09/2017,20.12,20.62,20,20.4,272164
11/10/2017,20.4,20.85,20.23,20.75,119478
11/13/2017,20.62,21.78,20.501,21.72,215796
11/14/2017,21.54,22.98,21.52,22.37,295506
11/15/2017,22.53,23.55,22.03,23.47,612729
11/16/2017,23.9,23.9988,23.4,23.94,315144
11/17/2017,23.94,24.33,23.7508,24.14,315913
11/20/2017,24.28,24.95,24.09,24.81,286529
11/21/2017,24.89,25.59,24.28,24.5,354790
11/22/2017,24.01,24.3,23.6801,23.94,279283
11/24/2017,23.86,24.93,23.86,24.92,70698
11/27/2017,24.5,25.09,22.59,22.68,329150
11/28/2017,23.38,23.9855,22.87,23.86,254971
11/29/2017,23.99,24.34,21.3521,22.15,363530
11/30/2017,22.18,23.15,21.845,22.39,271741
12/01/2017,21.38,24.63,21.38,23.45,498533
12/04/2017,23.48,23.9436,21.6,21.88,303974
12/05/2017,21.68,22.9399,21.2,21.59,396783
12/06/2017,21.21,21.7,20.501,21.02,207693
12/07/2017,20.95,22.28,20.5,22.2,259325
12/08/2017,22.32,22.47,21.385,21.59,124956
12/11/2017,21.68,23.11,21.68,23.06,126405
12/12/2017,22.97,23.585,22.13,22.26,253486
12/13/2017,22.35,22.98,21.39,21.42,182365
12/14/2017,21.43,21.82,21,21,164043
12/15/2017,21,21.49,20.61,21.26,674050
12/18/2017,21.36,23.565,21.32,22.67,393280
12/19/2017,22.45,22.85,21.13,22.57,167397
12/20/2017,22.47,23.44,22.19,23.26,275069
12/21/2017,23.4,24.64,23.355,24.4,259461
12/22/2017,24.51,24.59,23.06,23.16,458802
12/26/2017,23.12,23.3999,22.63,22.97,105626
12/27/2017,23.1,23.68,22.72,23.6,73865
12/28/2017,23.64,24.33,23.1848,24.31,193740
12/29/2017,24.43,24.45,23.665,23.88,113000
01/02/2018,24.14,24.4577,23.77,24.23,256788
01/03/2018,24.5,25.525,24.5,25.03,453026
01/04/2018,25.3,25.5401,24.65,24.9,164989
01/05/2018,25.06,25.35,24.84,25,89099
01/08/2018,25.12,25.495,24.52,25.41,144604
01/09/2018,25.43,26.6999,25.33,26.6,267600
01/10/2018,26.61,28,26.32,27.98,187860
01/11/2018,28.3,28.9,26.14,26.46,292228
01/12/2018,26.43,26.769,25.17,25.89,174642
01/16/2018,25.87,26.08,25.26,25.6,167556
01/17/2018,25.71,25.71,23.885,24.88,232465
01/18/2018,24.88,25.87,24.4208,25.46,300281
01/19/2018,25.77,27.09,25.3,26.73,198581
01/22/2018,27.15,27.49,25.2701,25.7,214502
01/23/2018,25.79,26.33,24.87,25.92,128682
01/24/2018,25.96,26.33,25.33,25.49,62766
01/25/2018,25.58,25.58,24.75,24.99,74806
01/26/2018,25.05,26.28,24.5001,26.27,197484
01/29/2018,26.27,26.5,25.18,25.185,73476
01/30/2018,25,26.31,24.9,26.24,191570
01/31/2018,26.57,27,26.125,26.6,420586
02/01/2018,26.5,27.52,26.4,27.49,283287
02/02/2018,27.29,28.255,26.751,26.94,235646
02/05/2018,26.95,27.62,26.26,26.8,175280
02/06/2018,26.42,28,26.2,26.43,413127
02/07/2018,26.5,26.78,26.32,26.52,156629
02/08/2018,26.47,27.47,25.06,25.34,259144
02/09/2018,25.35,25.87,24.21,25.33,266753
02/12/2018,25.3,25.88,24.9709,25.79,91647
02/13/2018,25.58,26.4173,25.58,25.73,190685
02/14/2018,25.5,26.09,25.455,25.73,169260
02/15/2018,25.95,26.75,25.55,26.51,201405
02/16/2018,26.55,27.02,25.7747,26.8175,184291
02/20/2018,26.69,26.94,25.2,26.22,321367
02/21/2018,26.23,26.5,25.55,25.9,70972
02/22/2018,25.86,26.23,25.45,25.9,59721
02/23/2018,26.11,26.5,25.92,26.18,270894
02/26/2018,26.34,26.69,26.14,26.44,238834
02/27/2018,26.42,26.85,26.03,26.64,306705
02/28/2018,26.75,26.75,26.18,26.37,188154
03/01/2018,26.35,26.72,26.2,26.24,89344
03/02/2018,26.21,26.645,25.82,26.48,106291
03/05/2018,26.44,26.7,25.6301,26.46,53163
03/06/2018,26.57,27.89,26.57,27.25,174745
03/07/2018,27.19,30.33,26.9872,29.96,702630
03/08/2018,29.84,30.65,28.57,29.18,390714
03/09/2018,29.5,30,28.0621,29.36,138548
03/12/2018,29.4,30.36,28.6,30.13,158725
03/13/2018,30.19,30.76,28.651,29.6,194231
03/14/2018,29.62,30.37,29.11,29.21,178919
03/15/2018,29.22,29.84,28.76,29.5,151030
03/16/2018,29.39,29.73,28,29.58,603260
03/19/2018,29.3,30,28.48,29.57,452226
03/20/2018,29.59,32.24,29.465,31.81,373879
03/21/2018,31.85,33.385,31.46,31.46,506753
03/22/2018,31.98,31.98,29.18,30.71,489447
03/23/2018,30.54,30.7699,29.8,30.31,353375
03/26/2018,30.79,32.55,29.72,32.13,276721
03/27/2018,32.5,32.7,30.6,31.04,260031
03/28/2018,30.85,31.04,29.76,30.75,213759
03/29/2018,30.82,31.5,30.25,31.37,117792
04/02/2018,31.17,31.205,29.99,30.17,203870
04/03/2018,30.31,30.38,29.35,30.28,197325
04/04/2018,29.7,30.63,29.2,30.43,218080
04/05/2018,30.73,31.8,30.4,30.83,141473
04/06/2018,30.64,30.7,29.885,30.18,230294
04/09/2018,30.45,30.69,29.94,30.28,56515
04/10/2018,30.72,30.975,29.9,30.77,105638
04/11/2018,30.68,30.96,29.58,29.81,167887
04/12/2018,29.97,30.64,29.57,30.33,312984
04/13/2018,30.42,30.47,29.49,29.56,85345
04/16/2018,29.71,29.9166,29.11,29.4,123532
04/17/2018,29.4,30.5399,29.39,30.09,121327
04/18/2018,30.01,30.11,29.3446,29.83,168543
04/19/2018,29.4,29.94,29.4,29.84,109206
04/20/2018,29.85,29.85,29.27,29.83,176313
04/23/2018,29.99,30.26,29.21,29.54,280567
04/24/2018,29.78,30.04,28.56,28.96,216709
04/25/2018,28.85,29.04,28.2216,28.96,116532
04/26/2018,29.02,29.4,27.75,28.01,189240
04/27/2018,28.2,29.19,27.88,28.94,107675
04/30/2018,29,29.3,28.15,28.99,236338
05/01/2018,28.99,29.165,28.33,28.75,163276
05/02/2018,28.61,29.02,27.94,29.01,289821
05/03/2018,28.97,28.99,28.225,28.63,330755
05/04/2018,28.53,29.96,28.5,29.66,318825
05/07/2018,29.99,30.89,29.99,30.46,144126
05/08/2018,30.42,30.86,29.89,30.55,180743
05/09/2018,30.69,31.4,30.02,30.93,269372
05/10/2018,31.12,31.35,30.92,30.95,148597
05/11/2018,31.15,31.63,30.11,31.46,164756
05/14/2018,31.5,31.5,30.67,31.23,208692
05/15/2018,31.5,34.01,30.13,33.545,1212926
05/16/2018,33.71,35.35,33.11,35.15,814968
05/17/2018,35.08,36.76,34.741,36.15,508164
05/18/2018,35.98,37.19,35.82,35.87,293742
05/21/2018,36.05,36.15,35.37,35.57,172234
05/22/2018,35.74,35.74,35,35.32,228217
05/23/2018,35.25,35.5,34.77,35.2,120057
05/24/2018,35.21,35.23,34.85,34.99,158048
05/25/2018,34.68,35.48,34.68,35.31,141606
05/29/2018,35.15,35.339,34.895,34.94,84681
05/30/2018,35.17,36.26,35.13,35.18,128790
05/31/2018,35.33,35.81,35.16,35.19,142394
06/01/2018,35.4,36.01,34.96,35.78,216009
06/04/2018,35.86,36.89,35.86,36.66,244981
06/05/2018,36,36.605,35.26,36.08,454470
06/06/2018,36.46,36.72,35.825,36.3,324747
06/07/2018,35.4,35.99,34.35,35.65,3641539
06/08/2018,35.38,36,34.85,35.9,521507
06/11/2018,35.99,36.44,35.62,35.78,331621
06/12/2018,35.78,36.46,35.78,35.98,317338
06/13/2018,35.97,37.1,35.97,36.31,834759
06/14/2018,36.63,37.77,36.01,36.75,551792
06/15/2018,36.89,37.5744,36.168,36.37,458387
06/18/2018,36.38,37.22,35.78,36.17,425723
06/19/2018,35.88,35.88,33.23,34.98,575426
06/20/2018,35.14,35.7,34.63,35.45,368178
06/21/2018,35.57,36.61,35.07,35.29,441903
06/22/2018,35.43,35.43,33.55,34.75,2762843
06/25/2018,34.3,34.31,33.05,33.89,503734
06/26/2018,34.07,34.76,33.925,34.18,359629
06/27/2018,34.08,34.59,33.88,33.96,572517
06/28/2018,33.77,34.17,33.05,33.71,237574
06/29/2018,33.81,34.41,33.555,34.18,247907
07/02/2018,33.84,34.64,33.83,34.52,96781
07/03/2018,34.54,34.81,33.39,33.79,149230
07/05/2018,33.95,34.25,33.51,34.04,193553
07/06/2018,34,34.72,33.81,34.58,200293
07/09/2018,34.75,35.02,34.2801,34.79,177201
07/10/2018,34.86,34.96,34.23,34.5,114992
07/11/2018,34.31,34.79,33.79,34.09,129828
07/12/2018,34.32,34.79,34.15,34.74,181054
07/13/2018,34.72,34.97,34.3,34.62,132098
07/16/2018,34.68,34.99,34.07,34.51,183736
07/17/2018,34.33,34.89,33.3002,34.61,214872
07/18/2018,34.61,36.03,34.61,35.46,315579
07/19/2018,35.41,35.88,34.88,35.08,199200
07/20/2018,35.22,35.3339,33.82,34.76,291642
07/23/2018,34.65,35.21,34.31,34.75,103606
07/24/2018,34.92,35.81,34.13,35.8,1385423
07/25/2018,35.81,37.21,35.77,36.44,264693
07/26/2018,36.5,37.1,36.1,36.6,157218
07/27/2018,36.49,36.49,35.43,35.61,108890
07/30/2018,35.61,35.61,34.22,34.88,310202
07/31/2018,35.09,35.55,34.56,35.1,103474
08/01/2018,35.18,35.98,34.69,34.82,241530
08/02/2018,34.66,35.74,34.66,35.47,175059
08/03/2018,35.54,36.35,34.88,35.23,155876
08/06/2018,35.25,36.24,35.1,35.93,260186
08/07/2018,35.94,36.47,34.835,34.94,338455
08/08/2018,34.81,35.6,34.7316,35.26,154445
08/09/2018,35.39,37.1,34.73,36.54,634161
08/10/2018,37.5,39.1965,36.5,37.98,963882
08/13/2018,38.61,41.81,38.61,39.38,670675
08/14/2018,40.25,40.25,38.81,39.65,353303
08/15/2018,39.61,39.8,39.01,39.3,212701
08/16/2018,39.37,40.25,39.11,39.8,345611
08/17/2018,39.77,40.25,39.03,40.22,272958
08/20/2018,40.25,40.83,39.86,40.22,314895
08/21/2018,40.23,40.37,39.68,40.14,515216
08/22/2018,40.1,40.75,39.96,40.01,167656
08/23/2018,40.05,40.44,39.84,39.9,217520
08/24/2018,40.22,40.69,39.86,40.51,227884
08/27/2018,40.75,41.69,40.5,40.98,273059
08/28/2018,41.1,41.28,40.07,40.62,200506
08/29/2018,40.77,41.41,40.77,41.36,112586
08/30/2018,41.16,41.5,40.6,40.89,162307
08/31/2018,40.82,41.86,40.69,41.76,353436
09/04/2018,41.92,43.06,41.84,42.35,238778
09/05/2018,42.36,42.39,39.82,40.93,273803
09/06/2018,40.86,41.1,39.9,40.89,254173
09/07/2018,40.52,41.61,40.31,40.4,204407
09/10/2018,40.7,41.49,40,40.97,195295
09/11/2018,40.9,41.38,40.84,41.02,133098
09/12/2018,40.96,41.21,39.66,40.4,316926
09/13/2018,40.64,41.08,39.8,39.97,235204
09/14/2018,39.98,40.49,39.4473,40,223453
09/17/2018,39.63,40.47,38.37,38.61,355646
09/18/2018,38.86,40.39,38.86,39.82,397309
09/19/2018,39.8,39.91,38.241,39.51,277793
09/20/2018,39.83,40.42,39.6,39.97,365811
09/21/2018,39.92,41.02,39.89,40.96,913294
09/24/2018,40.61,41.45,40.48,41.29,282895
09/25/2018,41.36,42.4,41.36,41.96,252005
09/26/2018,42.15,42.47,41.81,41.97,172169
09/27/2018,42.28,43.66,42.11,42.22,253551
09/28/2018,42.21,43.54,42.05,43.45,246577
10/01/2018,43.6,43.99,42.6,42.74,285789
10/02/2018,42.75,43.34,41.62,41.95,142395
10/03/2018,42.02,42.17,41.47,42.05,274278
10/04/2018,41.81,41.81,41,41.62,129591
10/05/2018,41.52,42.04,41.02,41.69,286650
10/08/2018,41.7,41.7,40.25,40.9,273377
10/09/2018,40.68,41.45,39.68,39.9,243436
10/10/2018,39.89,40,35.63,35.64,445148
10/11/2018,35.49,37.29,33.88,33.93,414184
10/12/2018,34.29,35,34.29,34.94,414580
10/15/2018,34.9,34.94,33.9,34.12,230212
10/16/2018,34.67,35.7,33.99,35.23,289642
10/17/2018,35.6,36.09,34.79,36,132960
10/18/2018,35.98,36.45,35.3,36.42,294159
10/19/2018,36.33,36.73,35.49,35.84,634177
10/22/2018,35.85,37.4,35.72,36.8,211016
10/23/2018,36.06,36.97,35.46,36.77,275398
10/24/2018,36.73,37.4,35.21,35.275,315767
10/25/2018,35.32,37.16,35.32,37.06,393167
10/26/2018,36.31,37.45,35.3542,36.83,378351
10/29/2018,37.53,38.23,36.22,36.64,292958
10/30/2018,36.51,37.43,36.11,37.02,239976
10/31/2018,37.58,38.55,37.378,38.14,162759
11/01/2018,38.4,39.07,37.6,37.64,192701
11/02/2018,37.89,38.58,37.3,37.9,190613
11/05/2018,37.9,37.9,30.16,30.76,1883025
11/06/2018,30.53,32.48,30.5,31.91,577128
11/07/2018,32.29,34.57,32.29,33.54,196535
11/08/2018,33.35,33.69,32.63,33.65,495261
11/09/2018,34.25,34.8511,31.02,32.12,420453
11/12/2018,32.15,32.97,31.92,32.3,171086
11/13/2018,32.44,33.59,32.44,32.641,211146
11/14/2018,32.8,33.56,31.91,32.13,118474
11/15/2018,32.24,33.55,32.21,33.37,237435
11/16/2018,32.96,33.55,32.5,33.19,171373
11/19/2018,32.81,33.01,29.84,29.85,227127
11/20/2018,28.75,30.33,28.4824,29.13,212555
11/21/2018,29.65,30.21,29.0984,29.43,150445
11/23/2018,28.94,30.06,28.94,29.49,48033
11/26/2018,29.75,30.13,28.74,29.48,214004
11/27/2018,29.07,29.84,28.59,29.47,126803
11/28/2018,29.24,31.03,29.1775,30.97,165741
11/29/2018,30.93,31.785,30.24,31.32,171235
11/30/2018,31.57,32.44,31.3,32.32,318921
12/03/2018,32.93,33.91,32.585,32.99,368792
12/04/2018,32.78,33.1,30.28,30.39,529413
12/06/2018,29.82,31.08,29.1,30.59,262091
12/07/2018,30.58,31.06,29.03,29.26,179275
12/10/2018,29.23,30.0121,29.09,29.61,161918
12/11/2018,30.07,30.37,28.76,28.83,147184
12/12/2018,29.44,30.34,28.96,29.49,277348
12/13/2018,29.76,30.01,29.02,29.09,85369
12/14/2018,28.55,28.84,27.35,27.39,237734
12/17/2018,27.19,28.05,26.4416,27.29,182924
12/18/2018,27.73,28.15,27.13,27.19,159756
12/19/2018,27.2,28.97,27.17,27.62,312121
12/20/2018,27.61,28.33,26.23,27.33,161370
12/21/2018,27.42,27.42,25.59,25.76,674739
12/24/2018,25.33,26.28,25.28,25.49,93065
12/26/2018,25.61,27.08,25.43,27,112126
12/27/2018,26.7,27.33,26.19,27.17,156835
12/28/2018,27.48,27.53,26.43,26.69,140744
12/31/2018,27.03,27.87,26.75,27.56,113696
01/02/2019,27.01,27.55,26.49,26.73,152688
01/03/2019,26.43,27.1,25.54,25.64,154543
01/04/2019,26.19,27.17,25.74,27.08,304877
01/07/2019,27.01,28,26.87,27.82,130598
01/08/2019,27.85,29.03,27.65,28.99,189814
01/09/2019,29.06,29.26,28.37,29.03,96154
01/10/2019,28.86,29.235,28.58,28.93,95399
01/11/2019,28.81,29.26,28.5,29.21,90912
01/14/2019,28.96,29.13,28.51,28.99,117784
01/15/2019,29.02,29.78,28.82,29.71,121981
01/16/2019,29.89,30.3,29.69,30.25,176794
01/17/2019,30.32,31.28,30.19,31.09,145928
01/18/2019,31.23,31.5701,30.89,30.93,198372
01/22/2019,30.74,31.57,30.64,31.57,216505
01/23/2019,31.84,31.98,30.84,31.5,122450
01/24/2019,31.48,31.775,30.695,30.85,167537
01/25/2019,31.18,31.52,30.95,31.28,131588
01/28/2019,30.94,31.1,30.28,30.84,114669
01/29/2019,30.85,31.24,30.5005,30.74,220046
01/30/2019,31.04,32.55,30.61,32.36,191794
01/31/2019,32.01,32.76,32.01,32.36,217856
02/01/2019,32.28,32.99,32.235,32.83,172060
02/04/2019,32.6,33.62,32.56,33.38,211112
02/05/2019,33.51,33.98,33.245,33.81,112990
02/06/2019,33.72,33.9,33.5,33.78,122698
02/07/2019,33.43,33.67,33.09,33.25,71034
02/08/2019,33.07,33.71,33.07,33.71,34008
02/11/2019,33.97,34.02,33.38,33.57,121618
02/12/2019,33.74,34.24,33.55,33.99,152651
02/13/2019,34.21,34.44,33.66,33.94,142128
02/14/2019,33.8,34.5,33.8,34.16,127320
02/15/2019,34.3,34.9,33.955,34.685,96934
02/19/2019,34.46,34.58,34.06,34.28,162073
02/20/2019,34.39,34.719,34.03,34.12,120941
02/21/2019,34.12,34.12,33.32,33.58,80272
02/22/2019,33.02,33.92,32.67,33.08,389004
02/25/2019,33.36,34.06,32.76,32.81,375246
02/26/2019,32.8,35.25,32.8,35.2,600078
02/27/2019,35.02,35.25,34.14,34.69,73444
02/28/2019,34.74,36.15,34.05,35.47,458772
03/01/2019,35.43,37.44,35.43,36.47,281332
03/04/2019,36.83,37.12,35.73,36.13,345573
03/05/2019,35.78,35.99,35.26,35.63,348321
03/06/2019,35.42,35.755,35.175,35.56,158355
03/07/2019,35.41,36.26,35.41,36.13,167898
03/08/2019,35.64,36.21,35.63,36.02,144452
03/11/2019,36.33,37.99,36.33,37.81,224542
03/12/2019,37.81,38.63,37.2,38.6,155814
03/13/2019,38.75,39.2,38.43,38.51,215619
03/14/2019,38.74,38.74,38.24,38.27,87507
03/15/2019,38.23,39.57,38.1,39.02,410533
03/18/2019,39.03,39.49,38.01,38.26,136753
03/19/2019,38.51,38.84,37.63,37.68,83072
03/20/2019,37.45,37.9144,36.8201,37.36,89072
03/21/2019,37.13,38.28,37.02,38.11,203427
03/22/2019,37.92,37.92,36.11,36.16,120239
03/25/2019,36.07,36.59,34.8148,36.57,189866
03/26/2019,37,37.671,36.75,37.35,204217
03/27/2019,37.33,37.56,36.33,37.21,98886
03/28/2019,37.22,37.51,36.81,37.48,252706
03/29/2019,37.58,37.58,36.76,36.77,162186
04/01/2019,37.48,38.1,36.58,38.04,274909
04/02/2019,38.02,39.51,37.68,39.48,419596
04/03/2019,39.73,39.95,38.72,38.88,105400
04/04/2019,38.81,38.81,37.45,37.81,99472
04/05/2019,37.84,38.34,37.46,37.53,122840
04/08/2019,37.24,37.86,36.11,37.1,99702
04/09/2019,36.77,37.09,36.56,36.58,87901
04/10/2019,36.48,37.25,36.44,36.785,94663
04/11/2019,36.78,36.92,36.52,36.58,83114
04/12/2019,36.7,36.7,36.29,36.51,80100
04/15/2019,36.49,36.6,35.98,36.37,110635
04/16/2019,36.43,37.32,36.04,36.99,143841
04/17/2019,37.14,37.27,36.15,36.73,78286
04/18/2019,36.47,37.2527,36.47,36.76,147500
04/22/2019,36.67,38.1,36.67,38.04,86156
04/23/2019,38.23,39.15,38.23,38.81,185050
04/24/2019,38.73,39.44,38.69,39.01,159085
04/25/2019,39.02,39.19,37.93,38.15,81388
04/26/2019,37.95,38.73,37.95,38.4,153254
04/29/2019,38.41,39.28,38.22,39.01,149115
04/30/2019,38.91,39.54,38.48,39.42,122814
05/01/2019,39.45,39.45,37.69,37.7,110062
05/02/2019,37.41,37.52,36.445,36.97,86633
05/03/2019,36.97,37.525,36.63,37.3,170310
05/06/2019,36.27,37.64,36.12,37.58,96657
05/07/2019,37.07,37.72,36.62,37.15,91128
05/08/2019,36.9,37.64,36.895,37.52,83139
05/09/2019,36.89,37.52,36.23,37.17,131363
05/10/2019,36.33,37.25,35.18,35.99,477781
05/13/2019,35.12,35.2,33.64,34.05,160192
05/14/2019,34.06,34.69,33.72,34.3605,260863
05/15/2019,34.1,35.99,34.1,35.98,132814
05/16/2019,35.88,36.95,35.55,36.41,221295
05/17/2019,36.03,36.87,35.89,36,160641
05/20/2019,35.57,35.91,35.06,35.56,128793
05/21/2019,35.87,36.94,35.81,36.8,330870
05/22/2019,36.64,37.73,36.45,37.31,220481
05/23/2019,36.86,37.35,36.28,37.01,322346
05/24/2019,37.02,38.09,37.02,37.34,288524
05/28/2019,37.19,38.3,37.19,38,574167
05/29/2019,37.68,38.31,37.37,37.73,263232
05/30/2019,38.07,38.47,37.88,38.4,145579
05/31/2019,37.7,38.95,37.7,38.1,179687
06/03/2019,37.87,38.06,36.39,36.82,669183
06/04/2019,37.49,38.16,36.82,38.11,140327
06/05/2019,35.77,37.265,33.7,35.7601,1608064
06/06/2019,35.72,35.76,34.74,34.8,1441673
06/07/2019,35,35.39,34.33,35.27,797011
06/10/2019,35.43,35.79,33.94,35.09,343274
06/11/2019,35.09,35.64,34.89,35.55,526207
06/12/2019,35.58,36.07,35.22,35.5,155299
06/13/2019,35.67,35.87,35.34,35.76,274590
06/14/2019,35.49,37.05,35.49,36.97,446916
06/17/2019,37.19,37.95,37.06,37.52,287535
06/18/2019,37.7,38.61,37.5,37.81,316759
06/19/2019,37.89,39.27,37.645,39.25,271157
06/20/2019,39.38,40,39.19,39.96,305499
06/21/2019,39.93,40.25,38.58,40.11,1010885
06/24/2019,40.05,40.05,38.8,38.96,232114
06/25/2019,39.13,39.16,38.52,38.8,228581
06/26/2019,38.96,39.94,38.56,39.45,290749
06/27/2019,39.71,40.67,39.58,40.2,473128
06/28/2019,40.2,40.96,39.62,40.48,1884655
07/01/2019,40.92,41.38,40.37,40.96,434624
07/02/2019,41,41.14,40.06,40.47,617204
07/03/2019,40.72,42,40.61,41.64,172967
07/05/2019,41.17,41.73,40.97,41.57,143937
07/08/2019,41.47,41.8,41.17,41.62,302153
07/09/2019,41.26,42.5,41.26,42.29,416727
07/10/2019,42.45,42.92,41.9,41.98,787872
07/11/2019,41.96,42.69,41.88,42,304676
07/12/2019,42.17,42.17,41.02,41.15,234609
07/15/2019,41.15,41.82,40.75,41.63,98512
07/16/2019,41.75,42.03,41.23,41.86,167899
07/17/2019,41.88,42.05,41.51,41.58,103960
07/18/2019,41.55,42.12,41.19,42.07,202568
07/19/2019,42.08,42.58,41.34,41.43,196264
07/22/2019,41.67,42.8,41.5,42.41,240963
07/23/2019,42.54,42.54,41.25,42.18,133677
07/24/2019,42,42.78,41.84,42.59,267898
07/25/2019,42.31,42.9,41.72,42.54,143775
07/26/2019,42.78,43.28,42.7,42.88,221402
07/29/2019,43,43.02,41.78,42.75,92947
07/30/2019,42.3,42.8,42.14,42.64,144604
07/31/2019,42.84,42.91,41.43,41.58,274018
08/01/2019,41.78,42.5,41.18,41.34,139527
08/02/2019,41.02,41.02,39.94,40.65,424652
08/05/2019,39.52,39.98,39.15,39.69,348071
08/06/2019,39.95,40.91,39.87,40.39,406102
08/07/2019,39.96,41.37,39.28,40.99,195384
08/08/2019,41.43,42.11,41.06,41.97,255704
08/09/2019,39.71,39.71,34.4,35.05,2404439
08/12/2019,35.05,35.4,33.51,34.01,962950
08/13/2019,33.65,34.96,33.65,34.81,422200
08/14/2019,34.01,34.4,33.83,34.13,293494
08/15/2019,33.95,34.27,33.42,34,331974
08/16/2019,34.23,34.92,34,34.9,207751
08/19/2019,35.18,35.25,34.3,34.46,489397
08/20/2019,34.55,34.55,33.58,33.64,255232
08/21/2019,34.15,34.15,33.365,33.52,109857
08/22/2019,33.67,33.7,32.77,32.97,632731
08/23/2019,32.88,33.1,32.17,32.29,270543
08/26/2019,32.63,32.76,32.15,32.65,112712
08/27/2019,32.83,33.04,32.22,32.6,148873
08/28/2019,32.42,32.79,31.75,32.36,375432
08/29/2019,32.89,33.73,32.28,33.63,207963
08/30/2019,34.1,34.59,33.92,34.43,297425
09/03/2019,34.16,34.405,32.99,33.28,504871
09/04/2019,33.72,34.09,33.46,33.79,619246
09/05/2019,34.41,34.41,32.92,33.81,302328
09/06/2019,33.91,34.58,33.12,33.19,332576
09/09/2019,33.43,33.52,31.91,32.45,285650
09/10/2019,32.23,32.98,31.65,32.4,248275
09/11/2019,30.89,32.96,30.5925,32.9,294276
09/12/2019,33.16,34.4102,33.08,33.56,404599
09/13/2019,33.82,35.36,33.52,33.77,517358
09/16/2019,33.79,34.74,33.5,34.23,166314
09/17/2019,34.34,35.13,34,34.99,131475
09/18/2019,34.97,35.1,33.71,34.15,236359
09/19/2019,34.43,35.1,34.11,34.52,359450
09/20/2019,34.65,34.71,33.46,34.08,1097673
09/23/2019,34.13,34.62,33.715,34.47,426397
09/24/2019,34.86,35.08,33.36,33.85,530925
09/25/2019,34.01,35.29,33.47,35.23,255620
09/26/2019,35.4,35.69,34.84,35.36,256987
09/27/2019,35.53,35.53,34.06,34.38,216485
09/30/2019,34.49,34.86,34.148,34.64,134595
10/01/2019,34.85,34.99,33.46,33.46,136923
10/02/2019,33.16,33.245,32.53,33.05,271179
10/03/2019,33.01,33.14,32.15,32.99,248855
10/04/2019,33.25,34.07,32.9,33.95,157792
10/07/2019,33.93,34.57,33.51,33.88,409179
10/08/2019,33.69,34.01,33.145,33.54,190144
10/09/2019,34.03,34.2,33.58,33.88,71304
10/10/2019,34.24,34.58,33.6,34.23,357866
10/11/2019,34.79,35.4101,34.36,34.52,269409
10/14/2019,34.58,34.95,34.1312,34.56,103179
10/15/2019,34.77,34.94,34.5096,34.85,93014
10/16/2019,35.06,35.06,34.25,34.68,131949
10/17/2019,34.74,35.3,34.65,35.25,96894
10/18/2019,35.06,35.06,33.68,33.81,165889
10/21/2019,34.31,34.72,33.96,34.54,287758
10/22/2019,34.78,35.02,33.97,34.09,377811
10/23/2019,33.91,34.56,33.75,34.29,396758
10/24/2019,34.65,35.5,34.52,35.16,439620
10/25/2019,35.22,35.75,34.82,35.71,139098
10/28/2019,35.75,36.19,35.53,36.12,197149
10/29/2019,36.13,36.36,35.92,36.07,62769
10/30/2019,36.24,36.67,35.88,36.6,70274
10/31/2019,36.69,36.9,36.27,36.88,226261
11/01/2019,37.12,37.48,36.66,37.41,117709
11/04/2019,37.76,37.96,36.92,36.94,229913
11/05/2019,37.29,38.05,37.01,38.03,178666
11/06/2019,37.88,38.18,37.565,37.73,127918
11/07/2019,38.01,38.34,37.355,37.43,268986
11/08/2019,32.61,33.4,29,30.01,3153181
11/11/2019,29.65,29.93,28.8,28.88,951003
11/12/2019,28.61,29.67,28.485,28.58,490437
11/13/2019,28.51,28.9699,28,28.32,291083
11/14/2019,28.25,28.54,27.91,28.36,246370
11/15/2019,28.63,28.99,28.21,28.92,259211
11/18/2019,28.76,29.76,28.61,29.41,331939
11/19/2019,29.48,30.27,29.42,30.09,320122
11/20/2019,29.9,30.45,29.67,30.17,655315
11/21/2019,30.31,32.04,29.94,32.01,396827
11/22/2019,32.15,32.2,31.48,32.2,187832
11/25/2019,32.26,32.47,31.85,32.03,168938
11/26/2019,32.01,33.23,31.79,33.16,182034
11/27/2019,33.28,33.75,33.14,33.74,124608
11/29/2019,33.32,33.91,33.01,33.17,156091
12/02/2019,33.33,33.33,31.08,32.7,205822
12/03/2019,32.23,32.45,31.94,32.2,904553
12/04/2019,32.48,32.48,32.04,32.4,279669
12/05/2019,32.3,32.87,32.13,32.2,160250
12/06/2019,32.5,32.62,31.71,32.03,165145
12/09/2019,31.86,32.03,31.51,31.55,122054
12/10/2019,31.59,31.62,31.24,31.41,99496
12/11/2019,31.37,32.52,31.16,32.51,735725
12/12/2019,32.28,33.07,32.15,33,208177
12/13/2019,33.03,34,32.92,33.99,347959
12/16/2019,34.06,34.69,34.06,34.3,271924
12/17/2019,34.31,34.46,33.955,34.46,220103
12/18/2019,34.33,35.18,34.02,34.83,418484
12/19/2019,34.99,35.23,34.32,35,234577
12/20/2019,35.09,36.54,35.035,36.33,394626
12/23/2019,36.26,36.71,36.12,36.47,211134
12/24/2019,36.31,36.41,36.09,36.28,65638
12/26/2019,36.47,36.93,36.34,36.9,94247
12/27/2019,36.99,37.33,36.1737,36.59,253666
12/30/2019,36.45,36.5,35.68,36.14,212666
12/31/2019,36.17,36.455,35.71,35.92,250307
01/02/2020,35.1,37.07,35.1,36.86,173346
01/03/2020,36.13,36.86,36.13,36.78,70854
01/06/2020,36.48,37.26,36.48,37.16,205174
01/07/2020,37.19,37.34,36.87,37.05,176012
01/08/2020,37.16,37.8,37.035,37.595,171073
01/09/2020,38,38,37.38,37.67,158724
01/10/2020,37.78,37.845,37.21,37.59,185677
01/13/2020,37.8,38.53,37.66,38.52,137952
01/14/2020,38.46,39.085,37.97,38.97,132720
01/15/2020,38.98,39.74,38.98,39.41,257290
01/16/2020,39.53,39.66,39.05,39.16,156340
01/17/2020,39.52,39.645,38.92,39.1,323542
01/21/2020,39.16,39.64,38.96,39.315,453731
01/22/2020,39.51,39.665,39.23,39.36,164250
01/23/2020,37.91,39.18,35.905,36.09,650626
01/24/2020,36.25,36.74,35.93,36.4,321024
01/27/2020,35.55,36.89,35.455,36.72,480858
01/28/2020,37.1,38.445,36.91,37.69,285341
01/29/2020,38.03,38.09,37.165,37.22,86955
01/30/2020,37,38.06,36.79,38.03,169740
01/31/2020,38.04,38.24,36.84,36.97,264133
02/03/2020,37.37,38.57,37.02,38.51,99090
02/04/2020,39,39.16,38.42,38.85,277080
02/05/2020,39.39,39.39,38.72,38.73,278389
02/06/2020,39.24,39.44,38.65,39.31,163187
02/07/2020,39.18,39.47,38.85,38.97,148954
02/10/2020,38.97,39,38.23,38.31,100926
02/11/2020,38.62,38.86,37.605,37.61,116670
02/12/2020,37.87,38.31,37.465,38.07,98980
02/13/2020,37.93,39.24,37.85,38.84,168267
02/14/2020,38.97,39.11,37.875,38.13,350859
02/18/2020,38.29,38.58,37.99,38.06,212603
02/19/2020,38.1,38.41,37.74,38.33,500898
02/20/2020,38.32,38.655,37.76,37.8,256118
02/21/2020,37.78,37.78,36,36.31,328053
02/24/2020,34.95,36.08,34.81,35.86,492559
02/25/2020,36,36.12,34.085,34.37,387068
02/26/2020,34.48,35.61,34.3,34.8,265417
02/27/2020,33.97,34.18,32.86,33.2,694901
02/28/2020,34.87,36.49,33,34.7,847028
03/02/2020,35.01,35.17,33.31,35.16,341955
03/03/2020,35.04,35.63,33.56,34.32,164432
03/04/2020,34.99,35.23,33.19,33.29,953050
03/05/2020,32.66,33.5,30.95,31.27,318957
03/06/2020,30.32,31.49,30.32,31.12,180837
03/09/2020,28.83,29.865,27.98,28.16,226296
03/10/2020,29.1,30.16,28.06,30.16,324960
03/11/2020,29.39,30.2,28.71,29.12,200990
03/12/2020,27.29,28.51,26.29,26.29,315099
03/13/2020,27.75,29.272,25.36,29.18,560494
03/16/2020,27.8,27.8,24.91,25.04,356976
03/17/2020,24.6,29.8,23.81,29.63,443885
03/18/2020,27.93,30.75,27.53,29.27,487213
03/19/2020,29.14,32.4407,27.73,27.83,486572
03/20/2020,28.17,28.3716,25.43,25.66,476071
03/23/2020,26.24,27.1,24.76,25.1,207962
03/24/2020,26.6,27.31,24.7,25.19,337952
03/25/2020,25.1,26.34,24.26,24.36,303504
03/26/2020,24.81,26.45,24.31,25.59,532042
03/27/2020,25.17,26.13,24.4,24.89,385358
03/30/2020,25.15,25.41,24.64,24.84,347309
03/31/2020,24.73,27.216,24.68,26.45,534821
04/01/2020,25.93,26.93,23.14,23.56,287881
04/02/2020,23.57,24.58,23.04,23.43,267148
04/03/2020,23.44,24.1518,23.22,23.49,278276
04/06/2020,24.64,25.65,24.38,25.23,598167
04/07/2020,26.08,26.7,25.61,25.68,343309
04/08/2020,25.97,27.44,25.45,26.97,161632
04/09/2020,27.32,28.405,26.945,28.25,175282
04/13/2020,28.08,28.31,27.57,28.17,114466
04/14/2020,28.72,29.375,28.2,28.78,131192
04/15/2020,28,28.515,27.62,28.28,155638
04/16/2020,28.42,29.31,28.17,29,162380
04/17/2020,29.24,30.73,29.09,30.49,246904
04/20/2020,30.05,31.03,29.87,30.81,229577
04/21/2020,30.26,30.3,28.78,29.81,160750
04/22/2020,30.49,30.52,29.7,30.07,154339
04/23/2020,30.19,31,30.02,30.03,107592
04/24/2020,30.26,30.37,29.8,30.09,83099
04/27/2020,30.68,31.4,30.49,31.06,76680
04/28/2020,31.74,31.8,30.41,30.68,181036
04/29/2020,31.89,33.33,31.355,33.07,220045
04/30/2020,32.73,33.17,32.05,32.99,173942
05/01/2020,32.08,32.41,30.28,31.03,125048
05/04/2020,31.05,31.63,30.44,31.62,245413
05/05/2020,32.37,32.92,31.76,31.95,139371
05/06/2020,31.75,32.79,31.36,32.59,145437
05/07/2020,33.44,33.48,32.34,32.55,140442
05/08/2020,33.43,35.03,32.13,34.33,293137
05/11/2020,33.52,34,32.94,33.16,187220
05/12/2020,33.35,34.36,32.98,33.35,148555
05/13/2020,33.11,33.335,31.13,32.11,132683
05/14/2020,31.71,32.44,30.88,31.82,137024
05/15/2020,31.71,32.32,30.92,32.25,114680
05/18/2020,33.37,34.86,32.64,34.55,208980
05/19/2020,34.48,35.52,34.48,34.56,177029
05/20/2020,35,36.02,34.52,35.82,178595
05/21/2020,35.97,36.47,35.7,35.9,105751
05/22/2020,36.1,36.54,35.77,36.27,139663
05/26/2020,37.1,38.1,36.63,37.68,212743
05/27/2020,38.1,38.21,36.5,37.69,136524
05/28/2020,38.05,38.51,37.56,37.6,146101
05/29/2020,37.47,39.2,37.47,39.1,214558
06/01/2020,39.27,39.505,38.95,38.95,258039
06/02/2020,39,39.89,38.3388,39.83,304698
06/03/2020,39.89,41.23,39.51,39.87,380366
06/04/2020,39.44,39.97,38.85,39.28,305845
06/05/2020,39.56,40.61,39.05,40.2,209567
06/08/2020,40,40.33,38.885,38.925,177146
06/09/2020,38.51,39.6,38.51,39.1,136122
06/10/2020,39.21,39.64,38.99,39.41,198761
06/11/2020,38.76,38.76,35.79,36.24,174401
06/12/2020,36.26,37.74,36.26,37.01,129581
06/15/2020,36.54,37.95,35.86,37.62,207713
06/16/2020,38.54,38.71,37,38.25,255841
06/17/2020,38.61,39.045,38.39,38.54,168407
06/18/2020,38.49,39.415,38.49,39.05,178564
06/19/2020,39.45,39.925,37.73,37.85,668202
06/22/2020,37.99,39.28,37.95,39.15,167452
06/23/2020,39.61,39.97,39.38,39.57,211795
06/24/2020,39.25,39.6795,38.04,39.17,139065
06/25/2020,38.98,39.89,38.565,39.89,132412
06/26/2020,39.75,39.75,38.04,38.14,474940
06/29/2020,38.43,39.03,37.91,38.78,114545
06/30/2020,38.83,39.96,38.23,39.7,143732
07/01/2020,39.09,40.54,39.09,40.31,232287
07/02/2020,41,41,39.04,39.41,203846
07/06/2020,39,39.66,38.52,39.11,225638
07/07/2020,39.09,39.98,38.735,38.74,223019
07/08/2020,38.91,39.27,38.34,38.97,81106
07/09/2020,39,39.37,37.96,38.66,144865
07/10/2020,38.78,39.105,38.1608,38.55,125839
07/13/2020,38.86,39.16,36.97,37.01,103601
07/14/2020,37.09,37.52,36.21,37.49,102981
07/15/2020,37.87,38.69,37.615,37.96,148338
07/16/2020,37.59,37.7,36.62,37.35,95177
07/17/2020,37.27,38.44,36.96,38.15,130903
07/20/2020,38.1,39.54,37.73,39.41,155417
07/21/2020,39.75,39.99,39,39.22,179046
07/22/2020,39.24,39.7,38.93,39.09,71410
07/23/2020,38.91,40.48,38.73,38.95,132644
07/24/2020,38.57,39,38.1,38.19,185475
07/27/2020,38.44,39.78,38.44,39.69,74257
07/28/2020,39.48,39.54,38.73,39.16,103697
07/29/2020,39.56,40.79,39.38,40.51,290024
07/30/2020,39.91,40.81,39.565,40.43,86223
07/31/2020,40.36,40.4,39.22,40.32,121372
08/03/2020,40.76,40.78,40,40.29,249936
08/04/2020,40.3,40.79,39.93,40.68,146336
08/05/2020,40.92,42.9,40.71,42.11,551028
08/06/2020,41.93,42.035,40.16,41.13,178455
08/07/2020,42.51,44.34,40.29,41.04,394965
08/10/2020,40.94,40.94,38.5,38.81,142163
08/11/2020,38.69,39.59,38.0838,38.73,110702
08/12/2020,39.19,40.25,38.96,40.2,146841
08/13/2020,39.98,41.21,39.36,40.83,124834
08/14/2020,40.89,41.09,39.9,39.99,133799
08/17/2020,40.1,40.87,39.8,40.24,129152
08/18/2020,40.45,41.81,40.26,41.35,223357
08/19/2020,41.45,41.88,40.6824,41.49,96503
08/20/2020,41.07,42.06,40.99,41.71,86957
08/21/2020,41.8,41.8,40.83,40.86,64510
08/24/2020,41.48,41.87,40.98,41.87,85286
08/25/2020,42,42.35,41.67,42.35,94984
08/26/2020,42.33,43.16,42.33,42.62,171927
08/27/2020,42.61,43.01,41.81,42.12,84997
08/28/2020,42.61,42.8999,42.37,42.53,99694
08/31/2020,42.51,42.78,41.87,42.07,172736
09/01/2020,41.94,43.35,41.33,43,265877
09/02/2020,43.2,43.51,42.51,43.35,170579
09/03/2020,42.95,42.95,39.86,40.5,95765
09/04/2020,40.78,40.83,38.47,39.93,174289
09/08/2020,38.74,39.7,38.57,38.91,94713
09/09/2020,39.19,40.03,38.73,39.83,93984
09/10/2020,40.57,41.49,38.66,38.7,235725
09/11/2020,38.8,38.98,37.24,37.66,200219
09/14/2020,37.8,39.28,37.8,39.07,139687
09/15/2020,39.42,39.9899,39.26,39.77,122768
09/16/2020,39.99,41.82,39.72,40.38,211283
09/17/2020,39.52,40.8,38.63,40.68,169737
09/18/2020,41.55,42.15,40.75,41.93,338162
09/21/2020,41.3,41.97,40.63,41.88,141462
09/22/2020,42.23,42.77,41.285,42.66,158534
09/23/2020,42.58,42.67,39.96,40.18,195506
09/24/2020,39.93,40.61,39.365,39.9,201000
09/25/2020,39.8,41.62,39.66,41.53,138414
09/28/2020,42,42.62,41.79,41.81,113544
09/29/2020,41.87,42.38,41.39,41.7,82175
09/30/2020,41.58,42.53,41.315,41.99,147368
10/01/2020,42.46,43.77,42.23,43.6,213275
10/02/2020,42.2,43.525,41.95,43.03,260413
10/05/2020,43.33,44.98,42.76,44.88,240016
10/06/2020,45,45.99,44.4801,45.4,508753
10/07/2020,45.59,46.15,44.93,45.02,208868
10/08/2020,46.03,46.22,44.54,44.75,123392
10/09/2020,45.04,45.82,44.84,45.1,191018
10/12/2020,45.15,46.28,44.97,46.21,203155
10/13/2020,46.26,46.9794,45.705,45.8184,83384
10/14/2020,47.43,47.43,45.57,46.25,113015
10/15/2020,45.45,46.35,45.14,46,156408
10/16/2020,45.83,46.525,45.7356,46.28,99974
10/19/2020,46.36,46.705,45.8651,46.28,144041
10/20/2020,46.5,46.79,45.94,46.49,116295
10/21/2020,46.73,47.13,45.25,45.4,70146
10/22/2020,45.3,46.06,44.8,45.95,117152
10/23/2020,46.23,47.42,45.87,47.39,134766
10/26/2020,47.06,47.09,45.295,45.55,90299
10/27/2020,45.75,46.2,45.48,45.81,107727
10/28/2020,44.88,45.37,43.44,43.68,131473
10/29/2020,43.79,45.39,43.35,45.09,117136
10/30/2020,44.81,45.37,42.48,43,121650
11/02/2020,43.42,44.42,43.26,44.05,258901
11/03/2020,44.61,45.15,44,44.72,168756
11/04/2020,45.13,46.92,44.685,46.44,122695
11/05/2020,47,48.49,46.61,47.52,188411
11/06/2020,45.48,50.33,45.13,50.14,422286
11/09/2020,50.83,51.04,48.71,48.925,307512
11/10/2020,48.95,49.24,47.78,48.71,375963
11/11/2020,48.77,50.67,48.62,49.8,152005
11/12/2020,50,50.47,48.48,48.89,207947
11/13/2020,49.5,50.49,48.52,49.01,174874
11/16/2020,48.81,49.71,48.28,49.03,183263
11/17/2020,49.05,49.81,48.28,49.46,218513
11/18/2020,49.4,50.17,49,49.31,156071
11/19/2020,49.3,50.98,49.28,50.8,174491
11/20/2020,50.19,51.94,49.99,50.97,215507
11/23/2020,51,51.38,50.11,51.1,109529
11/24/2020,51,51.22,50.645,50.93,199430
11/25/2020,51.87,52.415,50.9596,51.83,250547
11/27/2020,51.95,53.46,51.92,53.18,97581
11/30/2020,53,54.48,52.83,53.83,304536
12/01/2020,54.39,54.39,52.42,53.01,480299
12/02/2020,52.35,52.81,51.4,52.02,125226
12/03/2020,51.8,53.72,51.72,52.25,194383
12/04/2020,52.67,54.18,52.27,53.95,225117
12/07/2020,54.17,54.81,53.62,54.41,113204
12/08/2020,54,55.12,52.0001,55.07,138318
12/09/2020,57.7,57.71,54.36,54.93,151276
12/10/2020,54.94,56.55,54.79,55.6,171233
12/11/2020,55.92,56.62,55.35,56.5,78819
12/14/2020,56.93,57.74,56.22,56.88,189318
12/15/2020,57.22,57.57,55.91,57,194484
12/16/2020,56.87,57.74,56.51,57.03,399678
12/17/2020,57.13,58.68,57.13,57.9,200455
12/18/2020,58.38,58.93,57.415,58.01,450001
12/21/2020,57,58.15,56.93,57.72,142462
12/22/2020,58.21,59.25,57.32,58.43,265438
12/23/2020,58.43,59.48,57.7,59.19,139140
12/24/2020,59.55,59.94,58.75,59.21,55933
12/28/2020,59.94,60,58.5,58.5,97520
12/29/2020,58.46,59.71,57.66,57.99,115591
12/30/2020,58.57,58.79,58.09,58.12,69320
12/31/2020,58.16,58.545,57.93,58.17,110522
01/04/2021,58.24,58.99,57.085,57.68,205482
01/05/2021,57.5,58.46,57.25,58.3399,109621
01/06/2021,58.27,60.155,58.09,59.76,257255
01/07/2021,60.02,61.16,59.45,60.77,246034
01/08/2021,61.01,61.57,59.695,60.38,135867
01/11/2021,59.79,61.69,58.77,61.59,244414
01/12/2021,61.86,63.14,61.78,62.94,312039
01/13/2021,62.97,63,59.59,60.22,202703
01/14/2021,60.21,62.13,60.21,61.71,192289
01/15/2021,61.31,63.14,59,59.93,288629
01/19/2021,60.99,61.51,60.19,60.49,141644
01/20/2021,61.41,62.74,60.86,61.91,182925
01/21/2021,62.03,62.355,61.42,61.59,156722
01/22/2021,61.06,61.24,59.09,59.66,354749
01/25/2021,59.61,60.67,58.865,58.96,150683
01/26/2021,59.25,59.25,57.89,58.3,148445
01/27/2021,56.92,57.84,55.31,55.49,276602
01/28/2021,55.75,57.9,54.6401,56.97,296401
01/29/2021,56.7,58.45,55.92,55.965,278532
02/01/2021,56.36,59.44,56.36,59.15,363272
02/02/2021,59.7,60.95,59.49,59.86,296609
02/03/2021,59.82,61.55,59.63,61.03,165957
02/04/2021,61.12,64.21,60.91,63.6,208625
02/05/2021,64.54,64.74,63.625,64.56,156340
02/08/2021,66.15,67.25,64.13,65.5,307709
02/09/2021,65.09,67.17,64.62,65.34,288658
02/10/2021,65.8,66.97,64.04,65.92,129509
02/11/2021,66.1,66.62,65.01,66.51,116228
02/12/2021,66.12,67.38,65.29,67.23,130428
02/16/2021,67.8,68.58,64.64,65.13,190944
02/17/2021,64.52,65.7436,61.82,62.05,196338
02/18/2021,61.38,62.47,60.25,61.04,169933
02/19/2021,61.38,64.47,61.38,63.06,128081
02/22/2021,62.18,62.98,60.7,61.21,155057
02/23/2021,59.74,61.15,58.05,60.57,181144
02/24/2021,60,61.56,58.62,61,116691
02/25/2021,60.83,61.37,57.6711,57.6738,190577
02/26/2021,57.03,62.03,57,61.4,462021
03/01/2021,63.31,64.41,62.51,63.23,321529
03/02/2021,63.89,64.64,62.875,63.65,922381
03/03/2021,64.06,64.06,62.08,62.44,193401
03/04/2021,61.51,62.49,58.03,58.81,287999
03/05/2021,59.24,59.24,55.7951,58.43,403448
03/08/2021,58.56,59.5,55.5,55.68,188898
03/09/2021,57.23,61.055,57.115,60.62,171473
03/10/2021,61.68,62.98,59.48,59.82,234303
03/11/2021,61.13,63.39,60.9,62.9,333011
03/12/2021,59.45,62.39,59.45,60.68,266569
03/15/2021,59.75,62.03,59.67,61.86,139048
03/16/2021,60.43,62.11,59.29,60.62,188670
03/17/2021,59.58,61.11,59.05,60.28,266675
03/18/2021,59.67,60.86,58.65,59.11,148416
03/19/2021,58.79,61.89,58.45,61.3,375459
03/22/2021,61.96,63.98,61.95,62.74,182644
03/23/2021,62.72,64.2,61.15,61.33,216009
03/24/2021,61.98,61.98,59.93,59.93,214645
03/25/2021,59.41,61.06,58.03,60.66,125721
03/26/2021,61.13,63.44,60.85,63.42,113716
03/29/2021,63.16,63.91,60.92,61.51,137155
03/30/2021,61.56,62.47,60.715,60.97,177312
03/31/2021,61.4,63.42,61.17,62.42,231000
04/01/2021,63.59,66.03,62.845,63.29,278994
04/05/2021,63.56,65.45,63.305,65.18,139538
04/06/2021,64.66,65.5,63.94,64.18,103780
04/07/2021,64.39,64.77,63.46,64.15,100464
04/08/2021,64.92,65.47,64.37,65.13,134005
04/09/2021,65.06,65.42,64.5,65.11,68397
04/12/2021,64.11,64.34,63.46,63.78,101184
04/13/2021,64.57,65.3,63.71,63.795,109234
04/14/2021,63.68,65.47,63.68,63.9,143839
04/15/2021,64.02,66.84,60.83,61.6,394324
04/16/2021,61.98,63.36,60.5467,63.2,207639
04/19/2021,62.52,63.551,62.3,63.4,147876
04/20/2021,62.99,64.37,62.99,63.94,140798
04/21/2021,63.97,66.02,63.54,66.01,172920
04/22/2021,66.29,67.2,64.97,65.16,116363
04/23/2021,65.33,67.44,65.32,67.22,125476
04/26/2021,67.37,68.24,67.34,67.96,111679
04/27/2021,68,68.17,67.22,67.62,80521
04/28/2021,67.61,68.315,66.75,67.99,103875
04/29/2021,68.51,69,66.73,67.25,395157
04/30/2021,66.36,67.615,64.27,65.01,325522
05/03/2021,65.31,66.705,64.55,65.41,377284
05/04/2021,65.3,65.56,63.31,64.91,244121
05/05/2021,65,66.25,64.5,65.05,163376
05/06/2021,64.59,65.06,62.06,65.06,260758
05/07/2021,65.6,67.47,64.74,65.85,449793
05/10/2021,65.79,66.38,64.895,65.52,480494
05/11/2021,63.72,66.22,62.9854,65.75,334897
05/12/2021,64.91,65.85,62.13,62.44,211855
05/13/2021,63.63,64.49,62.47,63.32,103466
05/14/2021,64.04,66.07,63.68,66.02,130420
05/17/2021,65.53,65.91,64.71,65.1,117575
05/18/2021,65.38,66.28,63.28,63.35,184089
05/19/2021,62.15,63.07,60.25,62.97,207145
05/20/2021,62.96,64.9,62.96,64.77,168917
05/21/2021,65.34,66.25,64.34,64.78,79650
05/24/2021,65.39,66.43,64.81,65.81,185883
05/25/2021,66.35,66.62,64.875,65.49,216252
05/26/2021,66.05,66.37,65.26,65.5,86628
05/27/2021,65.67,67.64,64.72,67.38,271650
05/28/2021,68,68.385,67.2,67.37,127436
06/01/2021,67.06,67.76,66.4426,67.02,98587
06/02/2021,67.13,67.99,65.4,66.96,406406
06/03/2021,66.21,67.26,65.32,65.78,77701
06/04/2021,66.56,67.01,65.38,65.42,161176
06/07/2021,65.33,66.27,65.215,65.68,93685
06/08/2021,65.92,67.1,65.76,65.76,132774
06/09/2021,65.89,66.26,65.14,65.23,57965
06/10/2021,65.31,66.32,64.34,65.47,83329
06/11/2021,65.53,65.83,65.38,65.43,57121
06/14/2021,65.51,67.33,65.4575,66.77,198993
06/15/2021,66.78,66.78,64.3,64.6,108380
06/16/2021,64.37,64.6494,62.49,63.14,152432
06/17/2021,62.77,63.5347,62.39,63.269,247943
06/18/2021,62.92,64.78,62.89,64.28,253801
06/21/2021,64.41,65.6777,63.7575,65.29,88476
06/22/2021,65.24,66.32,64.66,66.32,98581
06/23/2021,66.65,67.71,65.85,67.59,169943
06/24/2021,68,70.05,67.695,70.04,290953
06/25/2021,70.5,71.39,69.5,69.57,377988
06/28/2021,69.57,70,68.445,69.51,110071
06/29/2021,69.52,71.53,69.245,71.47,223800
06/30/2021,71.03,71.04,68.87,68.87,166371
07/01/2021,68.89,70.18,68.41,70.12,91599
07/02/2021,70.5,70.74,70.01,70.48,65949
07/06/2021,71.15,72.155,70.4,70.45,185923
07/07/2021,70.55,71.37,68.67,68.95,81470
07/08/2021,67.5,68.3,66.01,67.37,134830
07/09/2021,67.64,69.22,67.5495,69.08,71361
07/12/2021,69.17,69.4975,68.2001,69.02,108942
07/13/2021,68.83,69.49,67.85,68.47,59250
07/14/2021,69.14,69.35,67.84,68.02,121153
07/15/2021,67.51,68.22,65.285,66.3,675928
07/16/2021,67.16,67.16,64.07,64.17,152070
07/19/2021,62.96,66.08,61.92,66.07,249881
07/20/2021,66.32,67.925,66.32,66.74,197398
07/21/2021,66.75,67.61,66.26,67.03,119753
07/22/2021,66.98,67.77,66.725,66.94,47903
07/23/2021,66.95,68.4699,66.5601,68.05,117143
07/26/2021,68.18,68.2,67.51,67.7,62418
07/27/2021,67.94,67.94,66.03,67.51,77947
07/28/2021,67.69,69.1,67.41,69.01,95695
07/29/2021,69.04,69.28,68.595,69.15,79974
07/30/2021,68.75,69.76,68.615,69.76,108878
08/02/2021,70,70.78,69.37,69.4,165749
08/03/2021,69.36,70.68,69.27,69.88,101430
08/04/2021,69.56,69.85,68.87,68.98,57481
08/05/2021,68.97,70.95,68.97,70.95,141954
08/06/2021,70.95,71.85,68.36,71.57,122938
08/09/2021,71.83,72.2387,70.92,70.98,128451
08/10/2021,71.11,72.1,70.26,71,146261
08/11/2021,71.09,71.45,70.13,70.14,144145
08/12/2021,69.86,72.48,69.073,72.25,165981
08/13/2021,72.25,72.5,71.83,72.17,67848
08/16/2021,71.68,72.6,70.5348,72.35,168691
08/17/2021,71.71,71.71,70.78,71.12,61426
08/18/2021,71.01,71.41,70.56,70.91,143638
08/19/2021,70.39,72.95,70.22,72.9,89955
08/20/2021,73.1,74.19,72.7,73.62,127148
08/23/2021,74.04,74.9,73.9996,74.78,120624
08/24/2021,74.99,76.52,74.62,76.47,210386
08/25/2021,76.39,76.91,74.99,74.99,93617
08/26/2021,74.81,74.98,73.17,73.34,97178
08/27/2021,73.47,75.55,73.37,74.92,85788
08/30/2021,75.23,75.23,73.9001,74.11,88129
08/31/2021,74.26,74.46,73.52,73.94,142906
09/01/2021,74.5,76.09,74.44,75.28,133134
09/02/2021,75.71,75.765,74.47,75.25,123022
09/03/2021,75.11,76.2,74.85,74.99,64223
09/07/2021,75.12,75.41,74.16,74.61,79392
09/08/2021,74.35,75.224,73.58,74.19,74333
09/09/2021,73.95,75.05,73.95,73.99,82480
09/10/2021,74.12,74.87,73.585,73.94,194711
09/13/2021,74.37,75.55,73.43,75.27,131848
09/14/2021,75.71,76.15,74.79,75.33,110023
09/15/2021,75.2,75.87,74.72,75.67,118220
09/16/2021,75.68,75.68,74.66,75.39,99584
09/17/2021,76.11,76.438,73.5138,74.78,1253378
09/20/2021,73.1,74.13,70.93,72.2,114983
09/21/2021,72.71,74.36,72.01,72.52,69407
09/22/2021,73.02,73.56,72.28,73.45,73380
09/23/2021,73.76,74.78,73.31,74.66,69692
09/24/2021,74.15,74.89,73.285,74.51,331022
09/27/2021,73.91,73.92,72.4435,72.985,115457
09/28/2021,71.83,72.0741,69.38,69.53,90572
09/29/2021,69.91,70.3505,68.66,68.79,109309
09/30/2021,69.26,69.93,68.68,68.95,125378
10/01/2021,69.27,70.29,68.46,69.93,99216
10/04/2021,69.42,69.92,67.31,69.33,115224
10/05/2021,69.7,71.62,69.1879,71.19,131226
10/06/2021,70.23,71.315,69.3,71.22,92165
10/07/2021,72.3356,73.095,71.36,71.39,234130
10/08/2021,71.88,71.88,70.52,70.55,72407
10/11/2021,70.25,71.48,70.22,70.35,33911
10/12/2021,70.96,71.45,70.2,70.72,46699
10/13/2021,71.23,72.6,71.16,72.53,57591
10/14/2021,73.23,74.21,72.5,72.99,146786
10/15/2021,74.1,74.36,72.49,72.84,163190
10/18/2021,72.17,74.05,72.17,73.55,186563
10/19/2021,73.59,74.76,72.75,74.24,88367
10/20/2021,74.18,75.23,74.17,74.88,69878
10/21/2021,75.12,76.07,74.33,75.27,107426
10/22/2021,75.36,75.96,74.87,75.89,143732
10/25/2021,76.34,77.24,75.63,76.71,78433
10/26/2021,77.01,78.355,77.01,77.53,108859
10/27/2021,77.36,77.43,75.385,75.59,72483
10/28/2021,75.8,77.0329,75.8,76.98,36942
10/29/2021,76.41,77.88,76.41,77.79,79425
11/01/2021,78.06,78.73,77.8343,78.26,110487
11/02/2021,78.47,79.19,77.86,78.69,95556
11/03/2021,78.85,78.89,77.315,77.47,170026
11/04/2021,78,80.83,77.805,80.74,217251
11/05/2021,82,82,78.79,80,222148
11/08/2021,80.09,82.65,79.71,79.9,245146
11/09/2021,80.89,81.025,79.05,80.11,80530
11/10/2021,78.83,80.04,76.41,77.19,96040
11/11/2021,77.68,78.24,77.45,77.6,48476
11/12/2021,78,78.8,77.29,78.7,52340
11/15/2021,79.26,79.26,77.2,78.16,85614
11/16/2021,78,79.78,77.73,79.06,554692
11/17/2021,79.04,79.04,77.82,77.82,88440
11/18/2021,78.29,78.65,77.22,78.07,168739
11/19/2021,78.4,80.8,78.05,79.89,142498
11/22/2021,79.96,80.355,77.565,77.76,214022
11/23/2021,77.51,77.85,74.09,75.08,184818
11/24/2021,74.14,75.86,73.01,75.8,86613
11/26/2021,74.85,75.9,73.71,74.16,85027
11/29/2021,75.16,76.35,74.56,75.41,155212
11/30/2021,75.18,76.29,73.62,74.44,168147
12/01/2021,75.61,76.075,71.73,71.74,88164
12/02/2021,71.76,73.49,71.395,73.03,97745
12/03/2021,73.64,73.64,70.1392,71.57,96996
12/06/2021,71.91,73.05,70.57,72.58,98129
12/07/2021,73.36,75.08,72.35,74.71,113972
12/08/2021,74.81,75.62,73.51,75.11,61832
12/09/2021,74.83,75.58,72.46,72.46,61021
12/10/2021,73.34,75.08,72.66,73.16,66876
12/13/2021,73.16,74.92,73.04,73.46,176203
12/14/2021,72.72,72.95,70.05,71.43,99723
12/15/2021,71.58,72.75,69.66,72.685,187371
12/16/2021,73.11,74.5699,70.55,70.75,172241
12/17/2021,70.3,72.48,69.13,71.95,417275
12/20/2021,70.77,71.4,69.88,70.74,93387
12/21/2021,71.57,72.82,70.72,72.71,106253
12/22/2021,72.83,74.57,72.68,74.52,121213
12/23/2021,74.73,75.02,73.25,73.74,103960
12/27/2021,73.85,75.48,73.79,75.41,51878
12/28/2021,75.45,75.45,74.17,74.47,40907
12/29/2021,74.67,75.9999,73.55,74.44,154467
12/30/2021,74.67,75.72,74.62,75.71,144861
12/31/2021,75.27,77.77,75.0433,77.58,346271
01/03/2022,77.34,78.38,71.77,72.55,156838
01/04/2022,72.53,72.53,69.52,71.09,98260
01/05/2022,70.87,71.46,67.75,67.93,105195
01/06/2022,67.68,69.53,67.45,68.87,83630
01/07/2022,68.75,69.295,67.37,67.55,114242
01/10/2022,66.31,67.17,65.09,66.95,151753
01/11/2022,67.08,68.9,65.236,68.57,83902
01/12/2022,68.9,69.635,67.73,68.09,174852
01/13/2022,68.52,69.08,64.98,65.05,66804
01/14/2022,64.2,65.41,62.91,64.31,245024
01/18/2022,62.79,63.435,60.5,60.85,184057
01/19/2022,60.89,63.47,59.76,59.92,125570
01/20/2022,60.79,62.265,59.88,59.98,355195
01/21/2022,59.16,61.233,57.95,59.48,255340
01/24/2022,58.45,61.41,56.8168,61.34,187995
01/25/2022,60.02,61.57,57.48,57.71,105535
01/26/2022,59.09,61.26,57.605,58.21,288631
01/27/2022,59.15,59.79,57.175,57.74,160713
01/28/2022,58.14,59.79,56.88,59.72,142790
01/31/2022,59.99,63.02,59.71,62.74,124147
02/01/2022,62.92,63.18,61.19,62.06,130957
02/02/2022,62.59,62.89,61.31,61.5,83105
02/03/2022,59.94,61.448,59.33,59.34,76015
02/04/2022,59.64,61.145,57.56,60.73,93821
02/07/2022,60.76,61.93,60.25,61,102485
02/08/2022,60.68,62.21,58.32,62.21,119240
02/09/2022,63.12,63.99,62.49,63.63,111256
02/10/2022,62.13,63.6,60.98,62.64,159511
02/11/2022,62.97,63.41,59.82,60.6,116003
02/14/2022,60.6,61.7,60.21,60.61,92712
02/15/2022,61.53,61.99,60.43,61.63,73241
02/16/2022,61.49,62.59,60.68,62.29,98066
02/17/2022,61.55,61.995,60.32,60.49,107951
02/18/2022,60.42,61.13,58.45,58.68,162222
02/22/2022,58.01,59.83,57.55,58.51,250066
02/23/2022,58.8,60.445,58.2,58.52,263340
02/24/2022,56.79,61.83,56.71,61.82,173934
02/25/2022,61.67,64.92,58.641,64.92,229343
02/28/2022,64.3,67.29,64.3,66.54,340138
03/01/2022,66.4,68.34,64.69,67.03,354869
03/02/2022,67.45,67.94,65.225,67.29,130158
03/03/2022,68.06,68.845,65.53,66.15,138244
03/04/2022,65.83,66.12,64.13,65.14,103666
03/07/2022,64.55,65.615,63.86,64.57,159217
03/08/2022,64.19,64.49,61.91,62.48,125782
03/09/2022,63.27,65.19,62.73,64.93,92232
03/10/2022,63.55,64.82,63.05,63.27,91775
03/11/2022,63.99,63.99,60.97,61.09,91076
03/14/2022,59.96,62.06,59.23,59.41,138437
03/15/2022,60.13,61.17,58.865,59.39,235814
03/16/2022,58.48,62.21,58.48,60.98,309448
03/17/2022,61.13,62.65,60.57,62.63,183838
03/18/2022,62.88,64.45,62.33,64.16,234452
03/21/2022,63.66,64.44,62.36,63.07,100271
03/22/2022,63,64.8,62.579,64.52,106646
03/23/2022,63.9,64.11,62.81,63.19,101039
03/24/2022,63.37,63.92,62.71,63.91,44923
03/25/2022,64.03,64.37,61.84,62.4,68630
03/28/2022,62.36,64.05,62.36,64,65123
03/29/2022,64.86,66.97,64.45,66.64,87911
03/30/2022,65.96,66.43,64.0162,65.32,104361
03/31/2022,65.06,66.14,64.315,64.33,91508
04/01/2022,64.53,65.49,62.642,63.79,93585
04/04/2022,64.06,65.345,64.06,64.85,49208
04/05/2022,64.81,64.81,62.51,63.09,65471
04/06/2022,62.06,63.06,61.46,61.87,48901
04/07/2022,61.45,62.63,60.82,61.33,141143
04/08/2022,61.03,61.03,59.03,59.22,131076
04/11/2022,59.62,59.62,58.12,59.07,151998
04/12/2022,60.28,62.13,59.23,59.68,142827
04/13/2022,60.05,61.15,59.5,60.55,51187
04/14/2022,60.94,61.09,57.72,57.8,103342
04/18/2022,57.93,58.17,56.66,57.55,103602
04/19/2022,57.08,58.77,56.94,58.72,112320
04/20/2022,59.08,59.39,58.37,58.37,41005
04/21/2022,58.98,58.98,55.911,56.29,81518
04/22/2022,56.17,57.43,55.21,55.51,87747
04/25/2022,55.06,56.32,55.06,56.18,77699
04/26/2022,55.8,55.8,54.14,54.28,140700
04/27/2022,54.36,55.55,53.44,53.76,102720
04/28/2022,54.35,55.77,53.78,55.09,248530
04/29/2022,54.78,56.04,54.07,54.3,192916
05/02/2022,54.37,55.69,53.52,55.69,156346
05/03/2022,55.63,56.02,54.95,55.29,70249
05/04/2022,55.31,56.44,53.56,55.96,141582
05/05/2022,54.96,55.44,52.62,53.82,132181
05/06/2022,53.74,53.74,50.72,51.66,177200
05/09/2022,50.44,51.465,48.77,49.58,275174
05/10/2022,50.73,54.71,48.79,51.28,259888
05/11/2022,50.74,52.01,49.925,50.07,198394
05/12/2022,49.31,51.925,48.86,50.85,188129
05/13/2022,51.74,53.885,51.02,52.99,234681
05/16/2022,52.41,53.41,51.295,52.26,140057
05/17/2022,53.36,53.68,51.62,52.22,184462
05/18/2022,51.33,52.12,49.26,51.02,234038
05/19/2022,51.13,53.28,51.03,52.23,199229
05/20/2022,53.2,53.31,50.71,51.99,191743
05/23/2022,52.02,54.46,51.19,52.26,126994
05/24/2022,51.54,52.19,50.335,51.77,214650
05/25/2022,51.4,53.07,50.8,52.5,145537
05/26/2022,52.38,53.46,51.14,53.1,142975
05/27/2022,53.58,55.22,53.245,55.1,105320
05/31/2022,55.05,55.41,54.16,54.91,276521
06/01/2022,55.29,56.9,53.55,53.97,141984
06/02/2022,53.98,56.51,53.02,56.48,146495
06/03/2022,55.24,55.93,54.45,55.03,141120
06/06/2022,56.24,56.5724,54.69,54.97,119682
06/07/2022,54.09,55.8,54.09,55.28,112559
06/08/2022,55.16,55.745,54.39,54.57,88486
06/09/2022,54.84,56.75,53.86,55.11,759665
06/10/2022,53.13,53.77,51.47,51.94,1218172
06/13/2022,50.28,51.015,49.625,49.96,213713
06/14/2022,50.2,50.36,48.5,49.41,146098
06/15/2022,49.56,52.28,49.5,51.37,203942
06/16/2022,50.32,50.93,49.66,50.46,205664
06/17/2022,50.87,53.67,49.605,51.94,547261
06/21/2022,52.25,53.2,52.14,52.33,196117
06/22/2022,52,53.02,51.6,52.09,195629
06/23/2022,52.39,54.54,52.06,54.17,214916
06/24/2022,54.72,56.11,54.495,55.69,624482
06/27/2022,53.46,54.4,50.9,51.43,333115
06/28/2022,51.13,51.75,50.47,51.23,642715
06/29/2022,51.14,52.71,50.31,51.8,136654
06/30/2022,51.4,52.51,50.65,52.5,323756
07/01/2022,52.09,52.74,51.59,52.07,138890
07/05/2022,51.5,53.53,51.05,53.49,103850
07/06/2022,53.66,53.91,52.135,52.91,109273
07/07/2022,52.8,53.88,52.4,53.61,141083
07/08/2022,53.01,53.515,52.385,53.29,129169
07/11/2022,53.06,53.96,51.465,51.62,248973
07/12/2022,51.82,52.28,49.29,49.72,183074
07/13/2022,48.44,49.9,48.32,49.38,93571
07/14/2022,48.65,49.1,48.195,49.08,131538
07/15/2022,49.82,51.61,49.58,51.37,220011
07/18/2022,51.78,52.275,50.98,51.34,132328
07/19/2022,51.89,53.08,51.13,52.83,114483
07/20/2022,53.16,54.86,53,54.22,147299
07/21/2022,54.01,55.01,53.82,55.01,103716
07/22/2022,55,55.01,53.8603,54.95,129014
07/25/2022,54.89,54.915,53.955,54.38,122530
07/26/2022,54.15,54.36,53.26,53.6,70676
07/27/2022,54.36,56.5,54.36,55.91,154661
07/28/2022,55.79,57.97,55.085,57.68,115069
07/29/2022,57.69,59.055,57.19,58.97,159040
08/01/2022,58.32,59.56,58.18,59.2,131145
08/02/2022,58.55,59.11,58.3,58.3,201891
08/03/2022,58.37,60.185,58.37,59.98,137515
08/04/2022,60.15,61.1,59.69,60.91,125633
08/05/2022,59.08,59.08,55.56,57.95,551999
08/08/2022,58.25,58.73,56.9,56.9,292007
08/09/2022,56.35,56.36,55.46,55.91,139531
08/10/2022,57.32,57.49,56.39,56.48,121712
08/11/2022,57.01,57.2,55.26,55.27,193049
08/12/2022,55.39,56.52,55.38,56.42,125510
08/15/2022,56.52,57.78,56.415,57.27,138797
08/16/2022,56.73,57.25,55.52,56.26,106507
08/17/2022,56.38,56.89,55.56,56.66,104971
08/18/2022,56.52,57.49,55.61,56.42,139782
08/19/2022,56.28,56.3,54.55,54.75,145879
08/22/2022,53.84,54.7,52.92,53.76,200642
08/23/2022,53.58,53.9,52.98,53.31,94983
08/24/2022,53.13,54.385,52.81,54.31,182340
08/25/2022,54.83,55.48,54.65,55.36,146149
08/26/2022,55.25,55.25,53.64,53.76,225298
08/29/2022,53.29,53.53,51.56,52.17,137567
08/30/2022,52.67,53.04,51.46,52.1,120990
08/31/2022,52.69,52.94,51.8,52.02,137748
09/01/2022,51.24,51.84,48.655,49.35,239754
09/02/2022,49.84,50.35,48.56,48.69,209030
09/06/2022,48.52,51.015,48.52,49.19,137694
09/07/2022,49.14,50.59,49.13,50.28,87521
09/08/2022,49.88,51.07,49.86,50.86,64869
09/09/2022,51.44,52.11,51.14,51.63,84768
09/12/2022,51.73,52.29,51.64,52.19,85563
09/13/2022,50.61,51.02,48.48,49.79,262160
09/14/2022,50.07,50.55,48.13,48.71,142521
09/15/2022,48,48.51,47.3,47.88,196559
09/16/2022,47.27,47.34,46.46,47.02,245008
09/19/2022,46.63,47.14,45.9,47.12,109359
09/20/2022,46.49,46.89,46.06,46.21,113272
09/21/2022,46.58,48,46.26,46.28,115935
09/22/2022,45.8,46.185,45.07,45.95,196767
09/23/2022,45.75,45.95,44.92,45.75,149369
09/26/2022,45.47,46.72,45.42,45.51,119801
09/27/2022,45.94,46.7,45.385,45.86,104296
09/28/2022,45.92,46.48,45.65,46.19,85262
09/29/2022,45.53,45.97,44.81,44.96,162240
09/30/2022,44.74,45.835,44.145,44.2,123381
10/03/2022,44.43,46.04,44.195,45.64,116334
10/04/2022,46.56,47.9,46.56,47.9,237193
10/05/2022,46.99,48.63,46.98,48.53,124025
10/06/2022,48.47,49.08,48.47,48.77,73159
10/07/2022,47.96,48.09,47.195,47.76,304299
10/10/2022,47.61,48.15,44.59,45.4,228604
10/11/2022,45.32,45.32,43.95,44.53,207789
10/12/2022,44.46,45.17,44.26,44.75,124092
10/13/2022,43.7,45.73,43.17,45.52,165917
10/14/2022,45.84,45.9,43.86,43.93,79899
10/17/2022,44.45,45.59,44.45,45.4,147557
10/18/2022,46.39,46.905,45.6,46.08,93766
10/19/2022,45.39,45.88,45.075,45.4,94352
10/20/2022,45.49,46.47,44.765,44.91,271768
10/21/2022,44.95,45.94,44.18,45.77,98358
10/24/2022,45.58,46.6,45.05,46.44,85481
10/25/2022,46.78,47.668,46.64,47.42,115194
10/26/2022,47.11,48.145,46.75,47.11,123319
10/27/2022,47.41,48.34,47.07,47.53,109054
10/28/2022,47.73,49.06,47.47,48.96,99752
10/31/2022,48.49,49.39,47.99,49.08,143010
11/01/2022,49.88,50.01,48.23,48.57,87596
11/02/2022,48.4,49.36,47.02,47.02,355142
11/03/2022,46.55,47.61,45.33,45.57,325763
11/04/2022,47.64,48,44.35,45.5,391760
11/07/2022,45.49,46.91,44.825,46.54,159797
11/08/2022,46.93,47.635,45.84,46.54,242068
11/09/2022,45.91,45.99,44.53,44.59,136633
11/10/2022,46.42,48.165,46.1,47.93,275909
11/11/2022,48.05,49.47,47.3808,48.72,296510
11/14/2022,49.01,49.36,47.865,48.71,223526
11/15/2022,49.77,50.42,49.45,50.08,458629
11/16/2022,50.74,50.74,48.99,49.14,157475
11/17/2022,48.64,48.76,47.47,47.64,105079
11/18/2022,48.73,49.47,46.86,47.04,125638
11/21/2022,46.9,48.115,45.54,45.81,133125
11/22/2022,45.99,46.5,44.76,46.29,426752
11/23/2022,46.31,47.46,46,47.26,160790
11/25/2022,47.22,47.65,45.56,47.3,77181
11/28/2022,47.06,47.19,46.29,46.64,150865
11/29/2022,46.57,47.35,46.515,46.77,137037
11/30/2022,46.73,49.16,46.495,49.05,189430
12/01/2022,49.13,50.37,48.1125,50.29,77388
12/02/2022,49.4,49.99,49.31,49.88,91453
12/05/2022,49.48,49.54,47.87,48.14,98770
12/06/2022,48.14,48.16,46.415,47.49,112125
12/07/2022,47.46,48,47.035,47.96,135155
12/08/2022,47.93,49.11,47.93,48.07,89641
12/09/2022,47.66,48.31,47.38,47.5,168504
12/12/2022,47.31,48.18,47.23,47.5,160922
12/13/2022,48.88,50.233,48.32,48.78,164510
12/14/2022,48.64,48.99,47.7401,48.05,228031
12/15/2022,47.28,48.49,45.7,45.9,203672
12/16/2022,45.21,47,44.7,44.95,344649
12/19/2022,44.75,45.26,43.82,44.03,180533
12/20/2022,43.8,45.08,43.73,44.61,163061
12/21/2022,44.71,45.75,44.5,45.45,99672
12/22/2022,44.95,45.3,44.265,45.17,311743
12/23/2022,44.99,45.9,44.22,44.6,122671
12/27/2022,44.5,44.59,43.6772,43.88,104506
12/28/2022,43.69,44.53,43.69,43.85,90182
12/29/2022,44.4,45.92,44.25,45.79,81877
12/30/2022,45.28,45.67,45.02,45.47,75544
01/03/2023,46.19,47.34,45.955,46.3,247213
01/04/2023,47,47.43,46.3477,47.16,107512
01/05/2023,46.62,46.95,45.57,45.58,116806
01/06/2023,46.14,47.1,45.05,46.95,81223
01/09/2023,47.86,49.11,47.45,48.19,139741
01/10/2023,47.97,48.92,47.96,48.92,72300
01/11/2023,49.14,49.54,48.38,49.49,70745
01/12/2023,49.63,50.09,48.54,49.86,128039
01/13/2023,49.95,50.29,49.29,49.8,96438
01/17/2023,49.65,50.31,49.615,50.23,141176
01/18/2023,50.58,52.14,50.46,50.6,207255
01/19/2023,50.1,51.4842,49.78,51.35,156869
01/20/2023,51.79,52.19,49.975,51.93,141758
01/23/2023,52.12,53.54,51.885,53.48,208504
01/24/2023,53.04,54.01,52,52.45,73808
01/25/2023,51.67,52.765,50.89,52.53,105308
01/26/2023,53.07,53.3,51.92,52.6,93293
01/27/2023,52.3,53.51,51.825,53.29,154999
01/30/2023,52.76,53.26,52.16,52.28,54622
01/31/2023,52.46,53.15,52.41,53.14,131291
02/01/2023,53.35,55.245,53.35,54.91,161932
02/02/2023,55.03,59.89,55.03,59.15,548512
02/03/2023,57.64,58.565,56.94,57.78,215774
02/06/2023,57.14,57.74,56.9,57.08,106526
02/07/2023,56.79,58.27,56.64,58.07,81730
02/08/2023,57.94,58.46,56.49,56.71,176724
02/09/2023,57.47,57.98,56.42,56.64,68938
02/10/2023,56,57.075,55.82,55.82,127689
02/13/2023,56.07,57.27,56.02,57.01,156688
02/14/2023,56.56,58.05,55.87,57.52,87223
02/15/2023,57.14,58.31,56.91,58.22,100251
02/16/2023,57.03,57.945,56.6,57.09,141315
02/17/2023,56.81,57.01,55.52,55.58,190250
02/21/2023,54.73,55.52,54.3,54.65,227248
02/22/2023,55.03,56.005,53.92,54.785,162656
02/23/2023,55.35,56.87,55.325,56.55,306878
02/24/2023,58.5,63.665,57.97,63.54,601950
02/27/2023,63.94,64.95,61.8785,64.93,325961
02/28/2023,64.48,65.25,63.505,64.06,656406
03/01/2023,63.84,64.94,63.255,64.67,349388
03/02/2023,64.58,65.47,63.34,65.22,157446
03/03/2023,65.43,66,64.63,65.8,211678
03/06/2023,65.64,66.43,65.215,66.36,200210
03/07/2023,66.5,67.2855,65.97,66.45,288813
03/08/2023,66.28,67.59,66.11,67.25,256626
03/09/2023,67.3,67.614,65.74,65.74,228231
03/10/2023,65.66,65.8,63.24,63.29,458865
03/13/2023,62.49,65.65,61.74,64.86,308208
03/14/2023,66.34,66.67,65.19,66.565,296936
03/15/2023,65.47,67.06,65.12,67.06,221076
03/16/2023,64.94,68.39,64.94,68.13,268823
03/17/2023,68.11,70.54,67.59,69.6,588442
03/20/2023,69.38,69.82,68.12,69.72,193572
03/21/2023,69.99,70.085,69.36,69.46,161543
03/22/2023,69.22,70,68.17,68.18,252926
03/23/2023,68.86,69.76,68.31,68.78,157646
03/24/2023,68.76,69.1,67.93,68.865,317370
03/27/2023,69.11,69.565,68.32,69.22,304512
03/28/2023,69.01,69.63,68.5,69.51,138033
03/29/2023,70.05,70.6299,69.39,69.93,143593
03/30/2023,70.29,71.1,70.19,70.77,112613
03/31/2023,71.11,72.5062,71.11,72.09,264027
04/03/2023,71.38,71.74,70.4,71.2,250367
04/04/2023,71.66,72.66,71.38,71.79,120898
04/05/2023,71.69,71.69,69.96,70.69,83917
04/06/2023,70.32,71.23,69.7557,70.32,185509
04/10/2023,69.64,71.6,69.34,71.57,197409
04/11/2023,71.07,71.6175,70.19,70.6,181213
04/12/2023,71.19,71.97,70.7589,71.02,111789
04/13/2023,71.25,71.905,70.97,71.82,234031
04/14/2023,71.67,72.13,70.59,71.1,143131
04/17/2023,70.97,71.305,69.92,70.34,88957
04/18/2023,70.75,71.1038,70.02,70.41,122959
04/19/2023,70.1,70.57,69.77,69.99,84670
04/20/2023,69.45,71.11,69.18,70.435,114633
04/21/2023,70.4,71.52,70.34,70.8,137804
04/24/2023,70.95,71.94,70.67,71.21,106924
04/25/2023,70.61,70.96,68.5,69.17,149202
04/26/2023,69.57,70.43,68.49,68.79,142667
04/27/2023,68.87,69.4,68.35,69.35,67581
04/28/2023,68.78,69.71,68.3,69.07,112628
05/01/2023,68.63,69.5453,68.38,69,272328
05/02/2023,68.94,69.16,67.45,67.45,179179
05/03/2023,67.57,68.19,67.03,67.07,181350
05/04/2023,67.09,67.61,65.97,66.9,187637
05/05/2023,68,68.98,65.56,68.18,298551
05/08/2023,68.49,68.62,66.78,67.59,102007
05/09/2023,67.57,68.04,66.98,67.21,171971
05/10/2023,67.82,68.73,67.73,68.53,155958
05/11/2023,68.46,68.84,67.03,67.49,80951
05/12/2023,67.4,68.095,67.01,67.57,84280
05/15/2023,67.47,68.34,67.16,68.08,96148
05/16/2023,67.76,68.39,67.49,67.97,99939
05/17/2023,67.96,68.81,67.4,68.49,148386
05/18/2023,68.48,70,66.77,69.82,155758
05/19/2023,70.17,70.365,69.69,69.9,112652
05/22/2023,69.97,71.49,69.89,71.38,135393
05/23/2023,71.07,71.53,69.85,69.9075,116918
05/24/2023,69.39,70.18,68.69,69.66,145044
05/25/2023,70.13,72.79,69.86,72.27,272634
05/26/2023,72.19,75,72.19,74.53,309535
05/30/2023,75.12,76.16,74.81,75.56,174724
05/31/2023,75.12,75.59,73.08,73.33,658558
06/01/2023,72.84,75.345,71.5,74.965,159955
06/02/2023,75.02,75.63,73.86,74.57,219238
06/05/2023,73.72,75.29,73.522,75.25,149214
06/06/2023,75.08,75.08,73.82,74.67,177416
06/07/2023,74.1,75.5,74,74.31,322591
06/08/2023,74.1,74.64,73.28,74.25,155890
06/09/2023,74.18,75.88,74.06,75.21,159348
06/12/2023,75.67,76.85,74.97,76.44,324394
06/13/2023,77.11,78.4899,76.4,77.58,303672
06/14/2023,77.13,77.5,75.4,76.51,192815
06/15/2023,75.89,76.71,75.0054,76.46,230998
06/16/2023,76.76,76.76,74.33,74.4,463266
06/20/2023,73.71,74.83,73.36,74.03,120946
06/21/2023,73.87,73.87,72.74,73.26,156801
06/22/2023,72.76,73.545,72.17,72.6,81433
06/23/2023,72.01,72.62,71.6,71.79,317951
06/26/2023,71.6,72.12,70.89,70.96,106891
06/27/2023,71.27,73.75,71.25,73.6,195391
06/28/2023,73.84,74.96,73.7,74.33,171425
06/29/2023,74.76,75.44,74.47,75.02,105743
06/30/2023,75.41,76.48,75.03,75.83,128429
07/03/2023,75.5,75.5,74,75.35,69923
07/05/2023,74.86,75.14,74.23,74.495,86181
07/06/2023,73.47,73.51,72.22,72.69,138227
07/07/2023,72.64,73.695,71.69,71.74,170951
07/10/2023,71.46,73.69,71.36,73.66,204044
07/11/2023,73.75,74.16,72.955,73.61,112355
07/12/2023,74.76,75.35,74.035,74.91,77391
07/13/2023,75.29,76.48,75.28,75.42,181072
07/14/2023,75.43,75.75,74.6075,74.96,99754
07/17/2023,74.63,75.59,73.85,75.18,140644
07/18/2023,75,75.19,73.92,74.95,95494
07/19/2023,75,75.67,73.66,74.24,202091
07/20/2023,74,74.425,72.18,72.36,92734
07/21/2023,73.28,74,72.65,73.41,181147
07/24/2023,73.57,73.57,72,72.58,68099
07/25/2023,72.67,74.02,72.5,73.57,68092
07/26/2023,73.34,73.55,72.61,73.16,83580
07/27/2023,74.24,74.7168,72.78,73.23,86021
07/28/2023,73.85,74.69,73.25,74.13,101034
07/31/2023,74.47,75.07,74.18,74.91,151341
08/01/2023,74.68,74.98,73.88,74.36,109003
08/02/2023,73.5,73.75,71.93,72.17,153061
08/03/2023,71.52,72.13,70.31,70.52,138385
08/04/2023,70.09,70.09,62.45,63.75,627444
08/07/2023,63.67,64.18,62.43,62.63,190962
08/08/2023,62.5,62.68,61.35,62.05,152899
08/09/2023,61.88,62.2099,61.1,61.22,128941
08/10/2023,61.65,61.955,61.13,61.65,201174
08/11/2023,61.37,62.88,61.225,62.61,163280
08/14/2023,62.26,63.1,62.095,63.09,169230
08/15/2023,62.6,63.08,62.53,62.63,88011
08/16/2023,62.67,62.9903,62.03,62.08,115629
08/17/2023,62.23,62.23,60.77,60.77,104678
08/18/2023,60.28,61.53,60.03,61.02,108008
08/21/2023,61.15,61.98,61.15,61.25,90527
08/22/2023,61.78,61.99,61.305,61.57,68191
08/23/2023,61.54,64.04,61.385,63.88,184395
08/24/2023,64.14,64.15,62.535,62.89,113922
08/25/2023,63.13,64.28,62.81,64.18,205549
08/28/2023,64.24,64.78,63.98,64.26,105187
08/29/2023,64.04,65.62,63.96,65.53,174816
08/30/2023,65.39,66.86,65.25,66.59,182660
08/31/2023,66.6,67.86,66.355,66.48,302348
09/01/2023,66.66,67.66,66.66,67.1,132746
09/05/2023,66.77,66.94,65.68,65.86,116102
09/06/2023,65.91,66.535,65.69,66,99024
09/07/2023,65.48,65.875,64.92,65.56,79708
09/08/2023,65.52,65.855,64.91,65.56,87148
09/11/2023,65.79,66.93,65.07,66.44,143161
09/12/2023,65.78,66.1,63.9,64.15,98299
09/13/2023,64.09,64.835,63.53,64.41,118977
09/14/2023,64.53,65.875,64.31,65.56,101273
09/15/2023,65.45,65.98,64.66,65.47,297401
09/18/2023,65.18,65.65,65.09,65.55,94936
09/19/2023,65.44,65.44,63.73,63.94,94487
09/20/2023,63.93,64.56,63.37,63.37,73528
09/21/2023,62.74,63.18,61.62,61.62,108550
09/22/2023,61.57,62.68,61.57,62.26,117181
09/25/2023,61.9,61.94,60.76,60.9,110997
09/26/2023,60.47,61.29,60.05,60.72,120358
09/27/2023,61.3,61.3082,60,60.99,179210
09/28/2023,60.7,62.05,60.5,61.75,109444
09/29/2023,62.47,62.84,62,62.56,298771
10/02/2023,62.6,63.45,62.11,62.83,136474
10/03/2023,62.49,63.13,61.62,62.99,262099
10/04/2023,63.37,64.63,61.95,64.59,231597
10/05/2023,64.88,66.12,64.6,66.01,268627
10/06/2023,65.43,67.425,64.88,65,569203
10/09/2023,64.5,66,64.01,65.99,218462
10/10/2023,65.93,67.69,65.4601,67,232307
10/11/2023,67.11,68.01,66.8701,67.91,96259
10/12/2023,67.64,68.08,66.63,67.0465,124702
10/13/2023,66.96,67.25,65.155,65.56,157536
10/16/2023,65.88,66.07,63.9435,65.4,382428
10/17/2023,64.64,65.32,64,64.36,276615
10/18/2023,63.74,64.24,63.43,63.62,96018
10/19/2023,63.53,63.65,62.47,62.54,120547
10/20/2023,62.64,62.64,60.89,61.15,153105
10/23/2023,60.84,61.67,60.12,60.5,252651
10/24/2023,60.72,61.41,59.705,61.05,132636
10/25/2023,60.55,60.55,59.51,59.71,88943
10/26/2023,59.94,61.23,59.02,59.67,120027
10/27/2023,60,60.1199,59.08,59.5,89942
10/30/2023,60.07,60.26,59.51,59.96,86676
10/31/2023,59.94,62.2,59.6501,62.13,287134
11/01/2023,62.09,62.17,60.34,62.11,432678
11/02/2023,63,63,57.59,59.11,538860
11/03/2023,60.33,65.945,60.33,65.78,373331
11/06/2023,65.86,66.96,65.25,66.94,229129
11/07/2023,66.98,69.035,66.51,68.45,381762
11/08/2023,68.41,69.555,67.64,69.46,232741
11/09/2023,69.62,69.97,68.25,69.44,188274
11/10/2023,69.05,70.07,68.44,70.06,200095
11/13/2023,69.9,70.5,68.965,70.35,130589
11/14/2023,72,74.6,71.88,74.32,345099
11/15/2023,74.19,74.59,72.85,73.99,228586
11/16/2023,73.77,74.03,70.92,72.41,246918
11/17/2023,72.84,74.595,72.46,73.97,233428
11/20/2023,73.69,74.349,73.08,74.13,209709
11/21/2023,73.46,73.88,72.02,72.49,131294
11/22/2023,73.23,73.48,71.74,71.75,143805
11/24/2023,71.6,72.395,68.87,72.285,43889
11/27/2023,71.76,72.65,71.59,71.72,88068
11/28/2023,71.28,72.32,71.12,71.58,62799
11/29/2023,72.49,73.835,71.825,71.92,141563
11/30/2023,71.79,72.65,71.535,72.39,386765
12/01/2023,72.55,73.41,71.82,72.245,384180
12/04/2023,71.11,72.47,70.41,71.86,238918
12/05/2023,71.55,71.55,70.3,71.01,148959
12/06/2023,71.48,73.08,70.61,70.67,160366
12/07/2023,70.79,71.0718,70.07,70.85,305642
12/08/2023,70.32,71.9,70.23,71.35,125456
12/11/2023,71.16,73.19,71.16,72.69,280312
12/12/2023,72.77,74.24,72.29,74.15,90492
12/13/2023,73.83,74.5,72.33,73.55,239816
12/14/2023,74.42,74.73,73.215,74.31,177780
12/15/2023,74.66,74.85,73.375,74.18,422283
12/18/2023,74.04,74.7,73.54,74.18,165710
12/19/2023,74.65,75,73.61,73.69,159159
12/20/2023,73.52,76.1546,73.335,74.2,309832
12/21/2023,75.2,75.2,73.69,74.78,159960
12/22/2023,78.06,84.5771,77,83.3,972698
12/26/2023,83.1,84.29,82.58,83.99,287918
12/27/2023,83.75,84.52,83.1,84.25,152014
12/28/2023,84.35,84.92,83.8114,84.43,124886
12/29/2023,84.04,84.83,83.05,84.18,186525
01/02/2024,82.31,82.31,77.89,78.08,426687
01/03/2024,77.12,78.425,75.98,76.49,346117
01/04/2024,77.03,79.155,76.5,78.14,349380
01/05/2024,77.51,80.33,77.29,80,383357
01/08/2024,79.99,82.75,79.99,82.7,390535
01/09/2024,81.76,82.65,81.3862,82.02,184759
01/10/2024,81.9,83.74,81.32,83.6,210600
01/11/2024,83.71,84.4794,82.9401,83.495,227785
01/12/2024,84.35,84.539,83.0201,84.26,238910
01/16/2024,83.14,84.34,82.595,84.25,276115
01/17/2024,83.05,85.18,82.99,84.86,357186
01/18/2024,85.37,86.99,83.36,85.25,413086
01/19/2024,85.69,85.85,84.345,85.67,171585
01/22/2024,86.91,88.36,86.01,88.15,328733
01/23/2024,88.49,88.86,86.66,87.72,342889
01/24/2024,87.88,88.99,85.462,85.64,255795
01/25/2024,87.15,87.38,84.89,85.56,219543
01/26/2024,85.3,85.8,84.94,85.24,271963
01/29/2024,85.4,87.3,85.345,87.27,261209
01/30/2024,87.21,87.21,86.53,86.78,139556
01/31/2024,86.62,86.815,84.98,85,271572
02/01/2024,85.77,86.08,84.02,85.93,130180
02/02/2024,85.95,88.035,85.45,87.54,207264
02/05/2024,86.64,87.635,85.5675,86.82,204302
02/06/2024,87.27,88.94,86.37,88.74,318755
02/07/2024,89,89.56,88.075,89.53,162519
02/08/2024,89.8,90.74,89.678,90.18,241845
02/09/2024,91,92.92,90.4018,92.26,287569
02/12/2024,92.01,92.49,89.59,90.08,203066
02/13/2024,87.09,88.06,84.82,85.87,375512
02/14/2024,87.2,89.35,86.85,88.95,191829
02/15/2024,89.96,92.015,89.27,91.74,292418
02/16/2024,91.7,91.835,90.01,90.47,207942
02/20/2024,89.31,90,86.78,87.85,188964
02/21/2024,86.85,87.535,85.85,86.82,278592
02/22/2024,89.17,90.885,89.13,89.79,385523
02/23/2024,87.48,88.82,82.5,85.53,786686
02/26/2024,86,86.5,83.48,85.27,706396
02/27/2024,85.66,86,84.055,84.52,375549
02/28/2024,83.65,85.145,83.65,84.64,264363
02/29/2024,85.36,85.97,84.8,85.02,413176
03/01/2024,85.28,86.19,84.585,85.64,171840
03/04/2024,85.32,86.41,85.32,85.78,201068
03/05/2024,85.01,85.01,81.09,81.47,253133
03/06/2024,83.01,83.88,82.13,82.57,225803
03/07/2024,83.06,83.72,82.1,83.56,186175
03/08/2024,83.96,84.5,82.38,82.39,148636
03/11/2024,82.11,83.35,81.75,82.4,185528
03/12/2024,81.86,83.11,81.175,82.12,238183
03/13/2024,81.66,82.32,80.83,81.42,257570
03/14/2024,81.86,82.3,80.6,81.55,273275
03/15/2024,81.05,81.05,78.37,78.98,465537
03/18/2024,79.16,81.395,79.08,80.17,211182
03/19/2024,79.77,81.53,79.68,80.62,158025
03/20/2024,80.25,83.66,80.25,83.21,255473
03/21/2024,84.16,87.41,83.76,86.81,342905
03/22/2024,87.44,87.69,83.91,84.46,185357
03/25/2024,84.8,85.88,84.32,84.38,127143
03/26/2024,85.38,86.11,84.6,85.08,174191
03/27/2024,85.49,86.41,84.17,86.41,217124
03/28/2024,86.55,86.55,85.66,86.04,409540
04/01/2024,86.54,86.79,84.705,85.51,134798
04/02/2024,84,84.26,82.95,83.76,184377
04/03/2024,83.18,85.255,82.99,83.71,166134
04/04/2024,84.82,86.27,83.45,83.53,191892
04/05/2024,83.46,84.79,82.95,84.56,171582
04/08/2024,84.66,86.35,84.66,85.96,143934
04/09/2024,86.38,86.98,84.3775,85.17,196956
04/10/2024,82.83,84.7825,81.65,82.09,169378
04/11/2024,82.48,84.24,82.0702,83.74,149532
04/12/2024,82.67,82.89,81.66,82.13,194164
04/15/2024,82.37,83.51,80.68,81.05,150214
04/16/2024,80.61,81.72,80.3015,81.25,112906
04/17/2024,81.6,81.91,80.43,80.49,127558
04/18/2024,80.92,82.8,80,80.76,283257
04/19/2024,80.84,82.51,80.84,82.27,275081
04/22/2024,83.06,83.26,81.3,82.26,211917
04/23/2024,82.4,83.86,82.4,83.68,101929
04/24/2024,83.66,84.615,82.61,83.45,143680
04/25/2024,82.01,83.445,82.01,83.175,214234
04/26/2024,83.53,84.38,83.505,83.58,132709
04/29/2024,83.96,84.175,82.065,82.4,249153
04/30/2024,82.35,83.08,80.19,80.36,298610
05/01/2024,80.79,82.64,79.835,81.48,294477
05/02/2024,81.67,81.97,80.23,81.75,329804
05/03/2024,78.21,81.87,77.4069,81.46,238165
05/06/2024,81.66,83.32,81.4816,82.95,231322
05/07/2024,82.95,86.15,82.76,86.15,341614
05/08/2024,84.38,85.82,83.835,85.15,316693
05/09/2024,85.31,86.03,84.99,85.64,148474
05/10/2024,85.81,86.38,85.09,85.64,159913
05/13/2024,85.77,86.74,85.07,85.51,172125
05/14/2024,85.88,86.79,85.417,86.74,163106
05/15/2024,87.53,90.92,86.53,90.83,264423
05/16/2024,90.72,91.18,89.23,91.08,224891
05/17/2024,91.13,91.755,90.015,90.45,250290
05/20/2024,90.14,92.345,90,91.47,289910
05/21/2024,91.12,91.25,90.04,90.725,150950
05/22/2024,90.5,91.47,90.05,90.64,120958
05/23/2024,90.99,91.88,90.47,90.75,187855
05/24/2024,90.85,92.98,90.85,92.91,155261
05/28/2024,93.32,93.69,90.275,90.88,196763
05/29/2024,89.96,90.79,89.215,89.69,149993
05/30/2024,89.47,89.47,88.27,88.27,118865
05/31/2024,88.81,89.08,86.72,87.4,242062
06/03/2024,87.81,87.96,84.69,86.52,251125
06/04/2024,86.07,87.44,85.38,87.21,128361
06/05/2024,87.98,89.41,87.5,89.23,132353
06/06/2024,88.52,88.96,85.935,86.27,145831
06/07/2024,85.45,86.3,85,85.49,189859
06/10/2024,89,96.84,89,92.93,1282716
06/11/2024,92.03,94.6,91.44,94.4,635245
06/12/2024,95.15,98.03,95.15,97.18,836191
06/13/2024,97.32,98.41,95.45,96.94,470227
06/14/2024,96.31,97.55,95.6,96.6,426674
06/17/2024,97.07,99.86,96.57,99.2,486018
06/18/2024,99.6,100.79,97.95,98.44,488061
06/20/2024,97.42,98.02,95.555,96.32,619638
06/21/2024,96.49,96.96,93.98,95.28,6636258
06/24/2024,95.07,98.3,95.07,96.03,317207
06/25/2024,95.93,98.27,95.41,97.94,299675
06/26/2024,97.63,99,96.8344,98.56,250699
06/27/2024,98.67,99.81,97.75,97.91,298161
06/28/2024,98.59,99.83,97.3242,98.08,809778
07/01/2024,98.04,98.5,96.55,97.54,231263
07/02/2024,97.81,98.82,97.24,98.41,246140
07/03/2024,98.73,99,97.71,98.14,87189
07/05/2024,98.28,99.24,98.165,98.89,139010
07/08/2024,99.17,99.26,97.47,97.85,177969
07/09/2024,97.73,97.73,95.92,96.49,267845
07/10/2024,96.49,98.63,96.0649,98.62,199294
07/11/2024,99.74,101.165,99.11,99.36,253930
07/12/2024,100,101.385,99.43,100.19,206269
07/15/2024,97.34,99.9,96.55,96.98,383918
07/16/2024,98.09,99.2,97.11,97.64,363544
07/17/2024,96.52,96.88,93.71,94.14,324988
07/18/2024,94.25,94.25,90.15,90.625,251800
07/19/2024,90.87,90.94,89.46,89.7575,210526
07/22/2024,90.17,91.82,90.06,91.63,299913
07/23/2024,91.45,94.07,91.37,91.865,359657
07/24/2024,90.85,91.085,87.33,87.56,350678
07/25/2024,88.29,89.07,86.39,87.09,419574
07/26/2024,88.76,90.055,87.25,87.62,246302
07/29/2024,87.99,89.14,87.27,87.33,242753
07/30/2024,87.95,89.21,86.39,86.8,163103
07/31/2024,88.63,89.79,87.38,88.36,215605
08/01/2024,87.96,88.695,84.22,85.21,411619
08/02/2024,75.71,86.4,75.71,82.78,533789
08/05/2024,78.53,83.54,78.335,81.55,379325
08/06/2024,82.57,84.145,81.31,82.91,274505
08/07/2024,84.81,86.46,83.59,85.5,331502
08/08/2024,87.12,89.24,85.605,89.22,254884
08/09/2024,88.7,89.75,88.36,89.26,251665
08/12/2024,89.07,90,87.295,87.61,118574
08/13/2024,88.2,89.49,87.545,89.15,190470
08/14/2024,89.57,90.2,88.69,89.68,148766
08/15/2024,91.63,91.9486,90.25,91.41,171312
08/16/2024,91.09,91.88,90.71,91.41,141004
08/19/2024,91.42,92.25,91.12,92.25,140482
08/20/2024,91.06,92.25,84.53,85.95,872296
08/21/2024,89.65,90.02,87.48,89.83,289885
08/22/2024,90,90.87,88.63,88.85,160717
08/23/2024,89.9,90.84,89.33,90.4,187110
08/26/2024,90.77,91.01,89.5506,90.19,182714
08/27/2024,89.49,90.95,89.435,90.22,92539
08/28/2024,90.18,90.21,88.35,88.81,123932
08/29/2024,89.88,91.125,88.97,89.52,109800
08/30/2024,90.36,91.325,89.66,90.36,530123
09/03/2024,89.9,89.9,86.685,87.28,233340
09/04/2024,86.24,87.325,85.405,86.66,140113
09/05/2024,86.3,87.12,85.39,86.1,114917
09/06/2024,86.47,87.91,84.59,84.81,156640
09/09/2024,85.02,86.94,85.02,86.33,139046
09/10/2024,86.28,86.835,85.265,86.22,192476
09/11/2024,86.02,86.09,84.09,85.565,167148
09/12/2024,86,86.25,84.99,85.81,109705
09/13/2024,86.62,88.4099,86.49,88.01,108790
09/16/2024,88,89.49,87.6158,89.14,220108
09/17/2024,89.91,92.01,89.525,91.92,244950
09/18/2024,92.18,94.85,91.62,92.9,298368
09/19/2024,95.27,95.34,94.025,95.13,219524
09/20/2024,95.34,97.82,94.34,94.34,678117
09/23/2024,94.68,95.39,93.19,94.09,211128
09/24/2024,94.04,94.31,92.3,93.71,195068
09/25/2024,93.34,95.46,93.34,94.15,148839
09/26/2024,96.16,96.46,94.61,95.06,152704
09/27/2024,95.49,96.5,94.78,94.84,158647
