08/17/2016,11.4354,11.5668,11.3039,11.3039,289900
08/18/2016,11.5668,11.5668,11.1725,11.2382,1886800
08/19/2016,11.2251,11.4354,11.2119,11.4354,5055900
08/22/2016,11.3039,11.9874,11.1988,11.4748,2397600
08/23/2016,11.5011,12.0663,11.4354,11.8297,1583200
08/24/2016,13.1441,13.1441,11.856,11.9874,2696600
08/25/2016,12.1583,12.1583,11.856,11.9375,396800
08/26/2016,12.0794,12.0794,11.9585,12.0269,238500
08/29/2016,12.04,12.3555,12.04,12.1715,1483900
08/30/2016,12.1583,12.2898,11.7114,11.8691,5129700
08/31/2016,11.764,11.856,11.5668,11.7456,9644200
09/01/2016,12.5001,12.5001,11.4354,11.4354,9659400
09/02/2016,11.5432,11.5432,11.2251,11.2987,8676100
09/06/2016,11.3697,12.1583,11.0463,11.948,60121200
09/07/2016,11.8481,12.9811,11.835,12.6184,157900200
09/08/2016,12.7367,13.3781,12.7261,13.2256,43940200
09/09/2016,13.0994,13.1888,12.6525,12.9023,28416500
09/12/2016,12.6341,13.0653,12.5421,12.9864,14934400
09/13/2016,12.6525,13.0495,12.621,12.7498,19264900
09/14/2016,12.7209,12.7813,12.6184,12.7104,18371300
09/15/2016,12.6499,12.8891,12.6236,12.8523,18371000
09/16/2016,12.784,12.8786,12.6499,12.7419,18988300
09/19/2016,12.6814,12.8523,12.6604,12.8181,17363300
09/20/2016,12.7997,12.8655,12.663,12.8103,12811800
09/21/2016,12.7183,12.8812,12.6893,12.7288,15891100
09/22/2016,12.7472,12.8155,12.5947,12.6262,18206600
09/23/2016,12.5842,12.7419,12.571,12.621,7952600
09/26/2016,12.5448,12.6341,12.5342,12.5894,10812800
09/27/2016,12.5605,12.6131,12.5263,12.5632,10495600
09/28/2016,12.5868,12.6473,12.4948,12.5816,8555200
09/29/2016,12.5158,12.6,12.4895,12.5053,6311600
09/30/2016,12.5605,12.6446,12.5027,12.5658,6582400
10/03/2016,12.5211,12.6315,12.5106,12.6,5707100
10/04/2016,12.5737,12.6184,12.5185,12.5816,6397900
10/05/2016,12.55,12.8444,12.4869,12.7419,7068600
10/06/2016,12.7419,12.7682,12.6105,12.7209,5486500
10/07/2016,12.7209,12.7419,12.6026,12.6368,3752600
10/10/2016,12.6368,12.7235,12.4475,12.4922,5786600
10/11/2016,12.3975,12.5474,12.345,12.3923,6669500
10/12/2016,12.345,12.4738,12.2924,12.3844,6246900
10/13/2016,12.3292,12.4738,12.2608,12.3897,5106500
10/14/2016,12.4159,12.5158,12.3528,12.4186,5821600
10/17/2016,12.4238,12.529,12.3634,12.458,5138400
10/18/2016,12.5001,12.5658,12.3555,12.5342,5729600
10/19/2016,12.5001,12.6289,12.4922,12.5421,4753100
10/20/2016,12.4764,12.5763,12.4685,12.5395,4109100
10/21/2016,12.4764,12.5185,12.3765,12.4186,3695200
10/24/2016,12.5132,12.6446,12.479,12.6026,3866000
10/25/2016,12.5474,12.6026,12.3108,12.3528,5763400
10/26/2016,12.316,12.4475,12.2608,12.2819,6299400
10/27/2016,12.9917,13.0784,12.6289,12.7051,26772800
10/28/2016,12.6473,12.9259,12.6157,12.8471,14542600
10/31/2016,12.8812,13.0101,12.8339,12.9049,12986000
11/01/2016,12.9154,13.0074,12.6841,12.7419,8505700
11/02/2016,12.6814,12.9075,12.6683,12.8812,7000500
11/03/2016,12.8707,12.9943,12.7445,12.8208,5085500
11/04/2016,12.7813,12.9391,12.7498,12.7813,6733800
11/07/2016,12.8523,13.1441,12.8523,13.0179,4875200
11/08/2016,13.0179,13.1283,13.0074,13.06,3547200
11/09/2016,12.7787,13.1126,12.7393,12.9785,6235100
11/10/2016,12.9759,13.1573,12.7735,12.9496,6374700
11/11/2016,12.9338,12.9995,12.8366,12.9207,3375700
11/14/2016,12.918,13.0258,12.7156,12.8786,3741600
11/15/2016,12.8891,13.2309,12.8339,13.1652,7463800
11/16/2016,13.1099,13.3623,13.0705,13.315,5333900
11/17/2016,13.294,13.7093,13.2756,13.6173,6113000
11/18/2016,13.6121,13.7593,13.591,13.6673,4484900
11/21/2016,13.6436,13.8565,13.6436,13.7856,3362000
11/22/2016,13.8276,13.8933,13.5516,13.6935,3049700
11/23/2016,13.6173,13.7593,13.5069,13.549,3193100
11/25/2016,13.5148,13.7803,13.499,13.7198,966200
11/28/2016,13.6699,13.775,13.6173,13.7067,2816100
11/29/2016,13.6751,14.059,13.6751,14.0037,5093500
11/30/2016,14.0774,14.1168,13.9801,14.08,5426000
12/01/2016,14.0774,14.1036,13.4754,13.6383,8557400
12/02/2016,13.5884,13.9301,13.4123,13.867,5090100
12/05/2016,13.8855,14.0458,13.8092,13.9485,6821700
12/06/2016,13.8855,14.0642,13.8565,14.03,6311600
12/07/2016,13.9906,14.2377,13.8986,14.1694,10467000
12/08/2016,14.1352,14.4322,14.0116,14.1746,8834000
12/09/2016,14.1536,14.3271,14.0852,14.1878,6382300
12/12/2016,14.1957,14.2561,13.9538,14.1694,6244200
12/13/2016,14.1562,14.3271,14.1142,14.1352,4672000
12/14/2016,14.1063,14.3166,14.0721,14.2509,6989100
12/15/2016,14.3271,14.9843,14.2929,14.9212,13713700
12/16/2016,14.8897,14.9422,14.661,14.8371,22731800
12/19/2016,14.7608,14.9081,14.6767,14.8239,4641600
12/20/2016,14.8765,15.0474,14.8529,14.9974,5606300
12/21/2016,14.9291,15.1552,14.8423,15.0605,4055800
12/22/2016,14.9974,14.9974,14.5821,14.6794,5985600
12/23/2016,14.6057,14.774,14.59,14.7451,2266800
12/27/2016,14.7451,14.8371,14.6978,14.7346,3826000
12/28/2016,14.7319,14.7766,14.4769,14.5479,5023500
12/29/2016,14.4769,14.611,14.3639,14.5269,3171000
12/30/2016,14.5111,14.5374,14.3928,14.4506,3060700
01/03/2017,14.4796,14.5269,14.2325,14.3455,6196700
01/04/2017,14.3849,14.5689,14.3849,14.4585,7991800
01/05/2017,14.406,14.6084,14.406,14.5295,3155800
01/06/2017,14.6005,14.9738,14.5532,14.9291,5066100
01/09/2017,14.8318,14.8897,14.6294,14.8502,5346900
01/10/2017,14.8266,15.1604,14.8082,14.9817,6334000
01/11/2017,15.0448,15.1552,14.9922,15.1368,3416000
01/12/2017,15.0369,15.1841,14.9265,15.1525,3239500
01/13/2017,15.1184,15.3182,15.1157,15.2919,6307800
01/17/2017,15.2708,15.5048,15.1578,15.2314,5265500
01/18/2017,15.1972,15.4049,15.1525,15.397,2655600
01/19/2017,15.3444,15.6126,15.2708,15.4601,4883600
01/20/2017,15.4549,15.6336,15.447,15.5784,4227700
01/23/2017,15.5206,15.5732,15.1525,15.3208,4175200
01/24/2017,15.4049,15.7519,15.3471,15.7125,7665000
01/25/2017,15.7729,15.8597,15.652,15.7887,6249900
01/26/2017,15.836,15.836,15.6415,15.6704,6050200
01/27/2017,16.1594,16.5616,16.0884,16.4433,11433600
01/30/2017,16.325,16.4459,16.212,16.4144,5668300
01/31/2017,16.325,16.5616,16.2724,16.559,5209600
02/01/2017,16.5143,16.6405,16.3513,16.5879,5514600
02/02/2017,16.5064,16.8508,16.4407,16.814,4182900
02/03/2017,16.7062,16.9927,16.7062,16.9165,2501900
02/06/2017,16.8324,17.0663,16.8245,16.9901,5364000
02/07/2017,17.0506,17.1242,16.9428,17.0506,3500800
02/08/2017,17.019,17.1136,16.9559,17.0453,4787700
02/09/2017,17.0558,17.2924,16.9848,17.0874,3983500
02/10/2017,17.1373,17.2109,16.9901,17.0164,3940500
02/13/2017,17.0506,17.2503,17.0295,17.0427,4873700
02/14/2017,17.0216,17.1636,16.9743,17.0479,4243000
02/15/2017,17.0295,17.1689,17.0032,17.1189,2519800
02/16/2017,17.1399,17.2924,17.0085,17.1189,4936800
02/17/2017,17.09,17.1583,16.9743,16.9796,5317200
02/21/2017,16.9691,17.1636,16.9691,17.1136,3874700
02/22/2017,17.0479,17.1583,16.9953,17.0269,4080500
02/23/2017,17.0584,17.0874,16.7982,16.856,3898700
02/24/2017,16.7456,16.9086,16.693,16.8876,3265300
02/27/2017,16.8192,16.8718,16.7588,16.835,6790500
02/28/2017,16.7298,16.814,16.6405,16.6904,4589900
03/01/2017,16.6904,16.9533,16.6852,16.8455,5335100
03/02/2017,16.7719,16.9533,16.6667,16.6852,2687900
03/03/2017,16.6037,16.6773,16.4959,16.6773,3313300
03/06/2017,16.5958,16.6483,16.4196,16.4854,5061200
03/07/2017,16.4854,16.6825,16.4775,16.5747,3306800
03/08/2017,16.5984,16.814,16.5774,16.6983,4731400
03/09/2017,16.6457,16.6799,16.4801,16.5958,3534700
03/10/2017,16.6667,16.7798,16.5379,16.6878,3080100
03/13/2017,16.6405,16.7824,16.5958,16.693,5700300
03/14/2017,16.6957,16.7325,16.5195,16.6904,3304100
03/15/2017,16.7088,16.8534,16.6378,16.7535,3369600
03/16/2017,16.7719,16.8849,16.6562,16.8245,4406200
03/17/2017,16.9112,17.0216,16.8192,16.8744,3544600
03/20/2017,16.8402,16.8981,16.7351,16.8429,2581000
03/21/2017,16.8902,16.927,16.3618,16.4144,4538100
03/22/2017,16.4196,16.6142,16.3881,16.5563,2772300
03/23/2017,16.5537,16.7325,16.438,16.5826,3039000
03/24/2017,16.6773,16.8508,16.5379,16.6589,2896400
03/27/2017,16.5011,16.7377,16.3855,16.6589,3169100
03/28/2017,16.6168,16.8534,16.6168,16.7114,5496000
03/29/2017,16.6825,16.8271,16.6326,16.7982,5283700
03/30/2017,16.7982,17.161,16.7456,16.8218,9834800
03/31/2017,16.814,16.9296,16.7535,16.8455,6706000
04/03/2017,16.8218,17.0663,16.7035,16.785,6501000
04/04/2017,16.7561,16.9822,16.743,16.8718,6063900
04/05/2017,16.9401,17.069,16.7824,16.8297,8283600
04/06/2017,16.856,16.9533,16.785,16.8771,7208200
04/07/2017,16.9086,17.0768,16.877,17.0532,6134700
04/10/2017,17.0558,17.1557,16.9954,17.0637,7636500
04/11/2017,17.069,17.1399,16.9139,17.1163,5657700
04/12/2017,16.9848,17.0663,16.7509,16.7982,4909000
04/13/2017,16.7798,16.948,16.7482,16.8034,4036400
04/17/2017,16.814,16.9139,16.814,16.8902,2450100
04/18/2017,16.8297,16.9953,16.7614,16.927,3171400
04/19/2017,17.0085,17.0085,16.9323,16.9638,2663900
04/20/2017,16.9717,17.0952,16.8587,17.0611,3589100
04/21/2017,17.0952,17.0952,16.8823,16.9349,6364400
04/24/2017,17.0874,17.4133,17.0663,17.3976,8615300
04/25/2017,17.5211,17.6,17.4186,17.4422,8175100
04/26/2017,17.4423,17.7551,17.4423,17.6289,5798400
04/27/2017,17.7446,17.7682,17.6289,17.7262,3324700
04/28/2017,17.734,17.8103,17.5159,17.642,3317100
05/01/2017,17.7288,17.7998,17.6236,17.763,6577100
05/02/2017,17.763,17.8234,17.5316,17.5947,4331600
05/03/2017,17.5684,17.5684,17.3502,17.3949,3304900
05/04/2017,17.3976,17.4896,17.3187,17.4344,3339500
05/05/2017,17.4396,17.713,17.4212,17.6894,5376200
05/08/2017,17.7156,17.8734,17.6289,17.7787,7901300
05/09/2017,17.7709,17.9417,17.6263,17.6762,4748500
05/10/2017,17.6526,17.7235,17.5001,17.6079,4252100
05/11/2017,17.4791,17.5132,17.324,17.3765,5329400
05/12/2017,17.3765,17.4501,17.0742,17.0742,22734500
05/15/2017,17.0952,17.4975,17.0506,17.4186,5347600
05/16/2017,17.458,17.6026,17.4501,17.4922,4473500
05/17/2017,17.2845,17.387,17.0506,17.0584,4370400
05/18/2017,16.9638,17.0479,16.814,16.998,5345000
05/19/2017,17.0374,17.2582,17.0321,17.0663,2685600
05/22/2017,17.1978,17.7446,17.1583,17.713,8997600
05/23/2017,17.8392,17.8707,17.6131,17.713,5389100
05/24/2017,17.7682,17.9076,17.7104,17.8944,4505100
05/25/2017,17.9496,18.1599,17.9233,18.0495,6410800
05/26/2017,18.0153,18.1599,17.9575,18.0863,3330000
05/30/2017,18.0863,18.2283,18.0232,18.0732,8614500
05/31/2017,18.152,18.2414,17.8182,18.2414,35760900
06/01/2017,18.2703,18.3282,18.0653,18.2125,9332700
06/02/2017,17.9838,18.1494,17.5237,17.9417,8522400
06/05/2017,17.9128,17.9286,17.4607,17.5106,9727900
06/06/2017,17.5369,17.6946,17.4186,17.6473,5605200
06/07/2017,17.6473,17.8418,17.6131,17.8313,6079500
06/08/2017,17.5264,17.7393,16.7456,17.1136,13729000
06/09/2017,17.0874,17.1399,16.2619,16.4459,14160700
06/12/2017,16.3802,16.4643,16.1857,16.3618,9751100
06/13/2017,16.396,16.6089,16.2803,16.5143,6522300
06/14/2017,16.6273,16.6431,16.2146,16.3434,4340300
06/15/2017,16.2356,16.2777,15.9754,16.2593,7549400
06/16/2017,16.2593,16.3828,16.2593,16.3303,6842600
06/19/2017,16.4302,16.6063,16.3776,16.4748,2988800
06/20/2017,16.4906,16.5274,16.3303,16.3592,3377200
06/21/2017,16.4906,16.7062,16.4775,16.6457,4082100
06/22/2017,16.7062,16.8534,16.6457,16.7088,3239100
06/23/2017,16.672,16.9139,16.6483,16.7246,24585500
06/26/2017,16.7693,16.9165,16.6405,16.6799,3788800
06/27/2017,16.6536,16.6667,16.2829,16.2935,6301700
06/28/2017,16.3776,16.5353,16.2803,16.4827,6184100
06/29/2017,16.3749,16.417,15.8439,15.9832,6883300
06/30/2017,15.9885,16.1462,15.9806,16.0647,2990300
07/03/2017,16.07,16.2908,15.8676,15.8676,2559700
07/05/2017,15.8465,16.0358,15.7545,15.9832,3546800
07/06/2017,15.8571,16.0122,15.8176,15.9938,5015900
07/07/2017,16.0227,16.2304,15.999,16.1699,2121100
07/10/2017,16.183,16.2225,16.049,16.1673,2646800
07/11/2017,16.1541,16.2961,16.0674,16.1725,4076000
07/12/2017,16.2803,16.2803,16.1147,16.1909,3911300
07/13/2017,16.1909,16.2277,16.0621,16.1147,2931000
07/14/2017,16.12,16.1673,16.0621,16.0884,1589300
07/17/2017,16.1147,16.5642,16.0306,16.5379,4273000
07/18/2017,16.4801,16.5379,16.3986,16.4906,3104800
07/19/2017,16.5195,16.743,16.4827,16.7272,7188000
07/20/2017,16.814,16.8324,16.6983,16.8087,2989500
07/21/2017,16.8113,16.835,16.6589,16.7272,2344000
07/24/2017,16.7193,16.785,16.6694,16.7377,2187700
07/25/2017,16.7535,16.8744,16.6405,16.7482,2336400
07/26/2017,16.8402,16.8771,16.7482,16.8297,3442200
07/27/2017,16.8771,16.8771,16.5642,16.7009,2386600
07/28/2017,16.6431,16.7824,16.5721,16.7509,1700000
07/31/2017,16.8245,16.9664,16.7982,16.8955,2642600
08/01/2017,16.9664,16.9901,16.814,16.948,2191500
08/02/2017,16.9533,16.9533,16.6746,16.785,2838500
08/03/2017,16.743,16.856,16.6825,16.8271,1397600
08/04/2017,16.8797,16.9664,16.8402,16.927,1669900
08/07/2017,16.8797,17.0059,16.814,16.9428,1565000
08/08/2017,16.8823,17.0322,16.8061,16.9428,1975800
08/09/2017,16.785,16.9112,16.7193,16.856,2002400
08/10/2017,16.7982,16.8245,16.5905,16.6063,1831600
08/11/2017,16.5406,16.6483,16.4906,16.5721,2996800
08/14/2017,17.0611,17.9154,17.0611,17.8077,10869100
08/15/2017,17.8129,17.855,17.3976,17.4054,3127300
08/16/2017,17.4081,17.7656,17.3949,17.671,2232200
08/17/2017,17.5684,17.7814,17.4501,17.4554,1761200
08/18/2017,17.416,17.6105,17.3318,17.5632,1458100
08/21/2017,17.55,17.6657,17.3713,17.6315,3101000
08/22/2017,17.8865,18.131,17.8313,18.0627,4160400
08/23/2017,17.9128,18.1993,17.9128,18.1915,3258900
08/24/2017,18.1994,18.4307,18.1994,18.3807,3209400
08/25/2017,18.6699,19.0853,18.6252,18.8592,9163000
08/28/2017,18.8487,19.2325,18.7935,19.1378,3791400
08/29/2017,19.0274,19.264,18.7672,19.1746,2853000
08/30/2017,19.2141,19.5322,19.1878,19.5138,3855700
08/31/2017,19.5742,19.7162,19.5295,19.6978,4682300
09/01/2017,19.7109,19.7346,19.5716,19.6531,5186700
09/05/2017,19.5506,19.7425,19.4296,19.6636,5662200
09/06/2017,19.7162,19.753,19.6268,19.6321,7984200
09/07/2017,19.5847,19.8056,19.5269,19.5769,7814900
09/08/2017,19.5532,19.7845,19.5059,19.5216,4517600
09/11/2017,19.7477,19.8765,19.6794,19.8371,5714000
09/12/2017,19.8476,20.05,19.7898,20.0448,4334300
09/13/2017,20.047,20.224,20.016,20.171,5014000
09/14/2017,20.168,20.423,20.132,20.337,5939900
09/15/2017,20.31,20.352,20.2,20.237,13145000
09/18/2017,20.197,20.355,20.134,20.203,3753400
09/19/2017,20.237,20.305,20.082,20.195,3578800
09/20/2017,20.187,20.281,20.118,20.197,6079900
09/21/2017,20.132,20.273,19.9,20.137,2842700
09/22/2017,20.147,20.245,20.095,20.245,3361200
09/25/2017,20.168,20.229,19.869,19.961,5538200
09/26/2017,20.111,20.132,19.961,20.011,8625500
09/27/2017,20.113,20.384,20.113,20.273,4930000
09/28/2017,20.268,20.331,20.129,20.281,4195000
09/29/2017,20.323,20.4,20.258,20.297,4300000
10/02/2017,20.305,20.618,20.302,20.489,5453000
10/03/2017,20.502,20.684,20.479,20.576,4591400
10/04/2017,20.578,20.62,20.431,20.563,4409200
10/05/2017,20.636,20.815,20.571,20.778,5130800
10/06/2017,20.676,20.783,20.594,20.778,5159300
10/09/2017,20.802,20.904,20.768,20.836,2793600
10/10/2017,20.91,20.981,20.734,20.789,3612300
10/11/2017,20.791,20.899,20.734,20.862,4489100
10/12/2017,20.894,21.152,20.883,21.107,4378400
10/13/2017,21.167,21.283,21.109,21.209,3490500
10/16/2017,21.233,21.422,21.212,21.32,4382200
10/17/2017,21.333,21.412,21.244,21.291,3518300
10/18/2017,21.33,21.477,21.32,21.385,8392000
10/19/2017,21.364,21.491,21.272,21.462,5996600
10/20/2017,21.556,21.688,21.509,21.619,4356300
10/23/2017,21.667,21.864,21.662,21.743,4365400
10/24/2017,21.732,21.885,21.696,21.885,3938300
10/25/2017,21.775,21.911,21.585,21.714,5095800
10/26/2017,21.754,21.872,21.719,21.811,3019200
10/27/2017,21.888,22.077,21.782,22.051,3694800
10/30/2017,22.032,22.051,21.796,21.859,2930200
10/31/2017,21.874,21.903,21.667,21.759,7804200
11/01/2017,21.903,21.903,21.567,21.662,4233100
11/02/2017,21.609,21.617,21.351,21.52,4006000
11/03/2017,21.472,21.517,21.152,21.259,3697500
11/06/2017,21.293,21.617,21.267,21.43,5017800
11/07/2017,21.493,21.735,21.485,21.683,3594400
11/08/2017,21.58,21.775,21.522,21.638,3252000
11/09/2017,21.407,21.606,21.204,21.525,4625600
11/10/2017,21.47,21.714,21.456,21.709,2923000
11/13/2017,21.527,21.664,21.409,21.506,4015100
11/14/2017,21.451,21.538,21.372,21.422,4328900
11/15/2017,21.272,21.328,20.946,21.102,5917900
11/16/2017,21.23,21.556,21.209,21.38,4807100
11/17/2017,21.341,21.527,21.265,21.422,4257800
11/20/2017,21.42,21.617,21.349,21.362,4739400
11/21/2017,21.362,21.788,21.291,21.617,7098600
11/22/2017,21.588,21.662,21.209,21.238,5636700
11/24/2017,21.241,21.396,21.007,21.28,3195300
11/27/2017,21.325,21.596,21.28,21.533,6136600
11/28/2017,21.596,21.788,21.551,21.704,8652200
11/29/2017,21.675,21.675,20.2,20.502,9067200
11/30/2017,20.649,20.731,20.137,20.568,32202600
12/01/2017,20.4,21.538,20.321,21.02,14734000
12/04/2017,21.081,21.096,19.627,19.687,9088900
12/05/2017,19.6031,19.9317,19.3376,19.5769,6543200
12/06/2017,19.4533,19.8424,19.3876,19.732,8357700
12/07/2017,19.9317,20.2341,19.8634,19.9501,7647500
12/08/2017,20.197,20.423,19.963,20.308,10934200
12/11/2017,20.363,20.857,20.268,20.844,4624500
12/12/2017,20.778,21.031,20.602,20.833,8123000
12/13/2017,20.915,21.233,20.82,21.081,6214900
12/14/2017,21.244,21.336,20.957,20.968,4131100
12/15/2017,21.088,21.322,20.865,21.291,6043000
12/18/2017,21.42,22.285,21.338,22.285,8004300
12/19/2017,22.208,22.208,21.775,21.909,8943200
12/20/2017,22.056,22.119,21.74,21.911,6034300
12/21/2017,21.906,21.985,21.662,21.698,3217800
12/22/2017,21.654,21.819,21.501,21.577,3909400
12/26/2017,21.504,21.527,21.325,21.393,5713600
12/27/2017,21.354,21.509,21.265,21.362,4387500
12/28/2017,21.383,21.47,21.188,21.301,5317600
12/29/2017,21.388,21.428,21.225,21.367,3355500
01/02/2018,21.433,21.693,21.425,21.669,2531900
01/03/2018,21.706,22.09,21.677,21.898,6084100
01/04/2018,21.927,22.332,21.89,22.287,5275400
01/05/2018,22.345,22.519,22.292,22.45,2642200
01/08/2018,22.369,22.469,22.279,22.445,3952300
01/09/2018,22.476,22.476,22.143,22.156,2956100
01/10/2018,22.03,22.245,21.922,22.242,2581000
01/11/2018,22.479,22.829,22.424,22.826,3474900
01/12/2018,22.837,22.958,22.655,22.805,5851300
01/16/2018,22.931,23.065,22.592,22.632,2638800
01/17/2018,22.823,23.249,22.632,23.163,2919600
01/18/2018,23.152,23.27,23.036,23.236,3654900
01/19/2018,23.205,23.383,23.16,23.262,3272200
01/22/2018,23.281,23.512,23.065,23.378,5069200
01/23/2018,23.31,23.528,23.273,23.425,3162200
01/24/2018,23.397,23.628,23.071,23.231,3013100
01/25/2018,23.341,23.449,23.073,23.249,2948500
01/26/2018,24.035,24.29,20.118,21.751,135815800
01/29/2018,22.082,22.618,18.985,19.664,70245500
01/30/2018,19.2956,19.3324,18.2283,18.4228,23017500
01/31/2018,18.6305,19.2877,18.5017,18.8487,22764600
02/01/2018,18.7251,19.0301,18.3545,18.4675,17820500
02/02/2018,18.6541,19.0195,18.0627,18.6384,20800900
02/05/2018,18.4438,18.7829,17.7288,17.7656,12550500
02/06/2018,17.3502,17.9969,17.1689,17.6736,11869600
02/07/2018,17.642,18.131,17.5527,17.5527,7671100
02/08/2018,17.55,17.805,17.1846,17.2503,13088400
02/09/2018,17.4948,17.8576,17.0768,17.692,9832900
02/12/2018,17.7656,18.0732,17.621,17.8839,8711100
02/13/2018,17.7446,18.0758,17.6394,17.9549,6813700
02/14/2018,17.8523,18.4149,17.8103,18.3676,6661900
02/15/2018,18.5069,18.5306,17.9785,18.1468,4802900
02/16/2018,18.1389,18.5753,18.0784,18.3466,4547300
02/20/2018,18.202,18.4281,18.0942,18.3545,5658000
02/21/2018,18.4018,18.6909,18.3413,18.3807,4934100
02/22/2018,18.4859,18.7172,18.3492,18.549,6008400
02/23/2018,18.6988,18.9643,18.6068,18.8697,5003000
02/26/2018,18.9617,19.1615,18.8329,19.0301,3142800
02/27/2018,19.0984,19.243,18.9749,19.1221,4252900
02/28/2018,19.4191,19.8266,19.3928,19.5295,7425400
03/01/2018,19.4743,20.3524,18.8644,19.8134,21711600
03/02/2018,19.1484,19.477,18.4833,19.3639,9190800
03/05/2018,19.2588,19.519,18.9985,19.4533,7170500
03/06/2018,19.5374,19.9265,19.5374,19.8739,6591200
03/07/2018,19.753,20.3813,19.7451,20.3208,8291200
03/08/2018,20.379,20.989,20.247,20.352,7560000
03/09/2018,20.381,20.673,20.181,20.631,4868300
03/12/2018,20.689,20.836,20.35,20.447,5125900
03/13/2018,20.481,20.505,20.16,20.331,5404300
03/14/2018,20.373,20.531,20.195,20.458,3502300
03/15/2018,20.505,20.536,20.26,20.405,4378800
03/16/2018,20.479,20.636,20.394,20.494,4672400
03/19/2018,20.389,20.531,20.15,20.497,4381800
03/20/2018,20.376,20.783,20.376,20.568,3293100
03/21/2018,20.555,20.555,19.953,19.979,4450700
03/22/2018,19.8318,19.8923,19.5453,19.5742,5587300
03/23/2018,19.5637,20.0448,19.1878,19.2272,7552800
03/26/2018,19.5479,19.8187,19.3376,19.7504,4243300
03/27/2018,19.8792,20.0264,19.2483,19.3692,4558700
03/28/2018,19.3639,19.4139,18.8487,18.9538,5793100
03/29/2018,18.9722,19.3534,18.8644,19.2456,5481900
04/02/2018,19.2693,19.4139,18.6252,19.0747,4376500
04/03/2018,19.1247,19.2404,18.8145,19.1431,3344100
04/04/2018,18.8487,19.2509,18.733,19.1825,2593600
04/05/2018,19.3297,19.4375,18.967,19.1405,2923000
04/06/2018,19.0274,19.1668,18.591,18.7409,3088800
04/09/2018,18.7961,19.2824,18.7645,18.9012,2745000
04/10/2018,19.2036,19.3061,18.9433,19.1352,2776500
04/11/2018,19.0747,19.1957,18.8592,18.9091,1724700
04/12/2018,18.9749,19.2114,18.9275,19.1063,2363800
04/13/2018,19.1957,19.2903,18.9354,19.1641,3104800
04/16/2018,19.7688,19.9002,19.0485,19.5453,9099500
04/17/2018,19.6373,19.916,19.498,19.8187,9081200
04/18/2018,20.155,20.216,19.808,19.924,6720900
04/19/2018,19.7872,19.8897,19.3297,19.427,4169500
04/20/2018,19.2956,19.4717,18.896,19.1037,7291100
04/23/2018,19.1536,19.2667,19.0143,19.2141,4222400
04/24/2018,19.2929,19.4533,18.9381,19.0406,4611200
04/25/2018,18.938,19.1142,18.641,18.8697,2547500
04/26/2018,18.9459,19.2561,18.8828,19.1825,2288900
04/27/2018,19.2693,19.4139,19.0721,19.0905,2680700
04/30/2018,19.101,19.2036,18.6673,18.8671,4093800
05/01/2018,18.7856,18.9486,18.5779,18.7724,3911600
05/02/2018,18.7383,18.7961,18.5017,18.5858,4391700
05/03/2018,18.6068,18.7488,18.1731,18.7172,5338900
05/04/2018,18.6305,19.335,18.5542,19.1773,3198800
05/07/2018,19.1904,19.4796,19.009,19.0563,2196800
05/08/2018,19.0642,19.0642,18.6752,18.9302,5701000
05/09/2018,19.0011,19.3613,18.9459,19.1168,5795000
05/10/2018,19.1668,19.824,19.1536,19.6347,4998100
05/11/2018,19.6242,19.6321,19.4139,19.5374,3642300
05/14/2018,19.6347,19.7293,19.193,19.3639,3239900
05/15/2018,19.1668,19.5217,19.0669,19.4323,3327300
05/16/2018,19.4533,19.6662,19.2141,19.5111,3160700
05/17/2018,19.3587,19.8397,19.3587,19.5374,3469600
05/18/2018,20.013,21.199,19.958,20.718,24974300
05/21/2018,20.799,21.27,20.636,21.154,14694800
05/22/2018,21.094,21.278,20.684,21.233,6911100
05/23/2018,21.146,21.556,20.981,21.527,8581800
05/24/2018,21.546,21.79,21.367,21.732,5283400
05/25/2018,21.717,21.801,21.53,21.562,3757200
05/29/2018,21.504,21.504,21.141,21.175,5222900
05/30/2018,21.343,21.451,21.01,21.304,7362600
05/31/2018,21.312,21.37,21.033,21.204,14607700
06/01/2018,21.69,22.576,21.69,22.306,14400000
06/04/2018,22.5,22.734,21.803,22.353,8089900
06/05/2018,22.408,22.81,22.216,22.779,7788700
06/06/2018,22.8,22.997,22.737,22.963,8084200
06/07/2018,22.971,23.155,22.792,23.149,5500900
06/08/2018,23.134,23.312,22.85,23.22,5189000
06/11/2018,23.213,23.213,22.9,23.039,2770400
06/12/2018,23.039,23.126,22.671,22.795,3570400
06/13/2018,22.871,23.252,22.671,23.11,7073100
06/14/2018,23.173,23.481,22.91,23.11,4712800
06/15/2018,23.039,23.357,22.91,23.236,5717800
06/18/2018,23,23.557,22.871,23.546,5064600
06/19/2018,23.244,23.423,22.971,23.397,3255800
06/20/2018,23.423,23.885,23.423,23.449,4639300
06/21/2018,23.486,23.567,23.165,23.42,6460300
06/22/2018,23.333,23.691,22.823,23.339,12285000
06/25/2018,23.273,23.336,22.374,22.597,3352100
06/26/2018,22.642,22.829,22.495,22.729,4037900
06/27/2018,22.813,22.852,22.064,22.082,3106700
06/28/2018,22.069,22.484,21.953,22.416,4153900
06/29/2018,22.474,22.774,22.235,22.235,3099100
07/02/2018,24.892,24.903,23.675,24.238,61507000
07/03/2018,24.48,25.021,24.427,24.929,17860800
07/05/2018,24.974,24.974,24.574,24.672,13643700
07/06/2018,24.664,24.708,24.385,24.537,5152900
07/09/2018,24.819,24.824,24.395,24.614,9556000
07/10/2018,24.866,25.276,24.585,24.808,10925400
07/11/2018,24.58,24.829,24.577,24.735,5381500
07/12/2018,24.8,25.071,24.758,25.005,3928800
07/13/2018,25.005,25.061,24.75,24.948,3868600
07/16/2018,25.034,25.147,24.884,24.916,4691100
07/17/2018,24.737,25.013,24.729,24.937,5338100
07/18/2018,24.937,25.008,24.853,24.992,5500600
07/19/2018,24.934,24.974,24.737,24.905,4296600
07/20/2018,24.916,24.945,24.787,24.795,4934500
07/23/2018,24.745,24.769,24.501,24.611,6552700
07/24/2018,24.682,24.756,24.348,24.474,4219000
07/25/2018,24.498,24.658,24.409,24.658,1986400
07/26/2018,24.432,24.874,24.424,24.816,5998900
07/27/2018,24.719,24.798,24.566,24.624,4873700
07/30/2018,24.548,24.598,24.204,24.372,6626200
07/31/2018,24.374,24.535,24.256,24.322,5800700
08/01/2018,24.322,24.551,24.296,24.374,6157500
08/02/2018,24.317,24.519,24.317,24.459,3441800
08/03/2018,24.49,24.548,24.288,24.472,4238400
08/06/2018,24.411,24.645,24.411,24.564,3522100
08/07/2018,24.719,24.861,24.514,24.632,3829500
08/08/2018,24.674,24.798,24.561,24.75,3034800
08/09/2018,24.837,25.019,24.74,24.903,2262200
08/10/2018,24.666,25,24.629,24.85,2629300
08/13/2018,24.837,24.992,24.637,24.711,3325400
08/14/2018,24.737,24.966,24.664,24.937,2843900
08/15/2018,24.827,24.99,24.711,24.89,5299300
08/16/2018,25.139,25.245,24.937,25.126,5696500
08/17/2018,25.045,25.205,24.945,24.976,3179400
08/20/2018,24.987,25.084,24.927,24.982,4294700
08/21/2018,25.04,25.139,24.953,25,5259800
08/22/2018,25.026,25.218,25,25.166,9643900
08/23/2018,25.192,25.25,25.024,25.055,8434900
08/24/2018,25.008,25.203,24.863,25.063,7883400
08/27/2018,25.237,25.258,25.026,25.082,4734800
08/28/2018,25.124,25.142,24.824,25.042,5230100
08/29/2018,25.095,25.36,25.061,25.255,5351400
08/30/2018,25.153,25.484,25.129,25.402,3538100
08/31/2018,25.352,25.526,25.189,25.281,3510300
09/04/2018,25.255,25.368,25.003,25.276,5546600
09/05/2018,25.189,25.392,24.995,25.155,4225100
09/06/2018,25.155,25.442,25.095,25.205,4624900
09/07/2018,25.105,25.355,25.029,25.305,4257000
09/10/2018,25.394,25.5,25.271,25.46,5819000
09/11/2018,25.371,25.521,25.31,25.421,3890000
09/12/2018,25.368,25.649,25.26,25.56,5485000
09/13/2018,25.489,25.678,25.408,25.592,12056300
09/14/2018,25.618,26.031,25.605,25.933,5311500
09/17/2018,25.904,25.968,25.542,25.584,4817400
09/18/2018,25.531,25.833,25.334,25.337,6862000
09/19/2018,25.363,25.363,24.927,25.095,6104200
09/20/2018,25.195,25.284,25.026,25.226,4804400
09/21/2018,25.368,25.368,25.126,25.289,9733200
09/24/2018,25.21,25.31,24.769,25.289,11768400
09/25/2018,25.418,25.5,25.302,25.486,6461800
09/26/2018,25.531,25.573,25.287,25.397,5147900
09/27/2018,25.368,25.576,25.334,25.565,4752700
09/28/2018,25.51,25.597,25.381,25.531,5031100
10/01/2018,25.547,25.72,25.384,25.423,2712200
10/02/2018,25.429,25.571,25.321,25.437,7052600
10/03/2018,25.529,25.631,25.237,25.397,5459500
10/04/2018,25.555,25.555,25.216,25.418,7529200
10/05/2018,25.547,25.734,25.145,25.489,9953900
10/08/2018,25.321,25.526,24.942,25.118,7855600
10/09/2018,25.047,25.26,24.514,24.863,15417900
10/10/2018,24.9,24.9,24.217,24.309,10194300
10/11/2018,24.309,24.498,23.891,24.117,7643300
10/12/2018,24.527,24.871,24.338,24.842,6452300
10/15/2018,25.237,25.484,24.853,24.974,9999900
10/16/2018,25.082,25.305,24.919,25.147,5825400
10/17/2018,25.218,25.237,24.777,25,4858100
10/18/2018,24.969,25.045,24.721,24.84,6581300
10/19/2018,24.89,25.04,24.537,24.653,7356900
10/22/2018,24.771,25.079,24.608,24.898,5582700
10/23/2018,24.582,24.674,24.135,24.414,5215600
10/24/2018,24.338,24.409,23.62,23.62,9007100
10/25/2018,23.854,24.088,23.62,23.883,4612300
10/26/2018,23.41,23.699,23.134,23.257,6209600
10/29/2018,23.633,23.92,22.542,22.808,4645800
10/30/2018,22.871,23.349,22.81,23.312,4006700
10/31/2018,23.609,23.975,23.609,23.762,4846300
11/01/2018,23.893,24.301,23.791,23.964,7382800
11/02/2018,24.093,24.146,23.531,23.97,2948100
11/05/2018,24.096,24.148,23.546,24.109,4090000
11/06/2018,24.083,24.377,23.951,24.211,1875700
11/07/2018,24.974,25.92,24.827,25.726,9844300
11/08/2018,25.736,26.131,25.594,26.004,3754500
11/09/2018,25.849,25.989,25.442,25.776,5124000
11/12/2018,25.77,26.028,25.274,25.894,5270400
11/13/2018,25.968,27.235,25.802,26.701,16553800
11/14/2018,27.129,27.879,26.564,27.784,23129000
11/15/2018,28.031,28.186,27.471,27.618,53723300
11/16/2018,27.674,27.718,27.445,27.463,17058200
11/19/2018,27.461,27.574,26.998,27.156,17511200
11/20/2018,26.848,27.137,26.722,26.982,11725800
11/21/2018,27.108,27.19,26.764,27.074,6411600
11/23/2018,26.893,27.495,26.89,27.319,6668800
11/26/2018,27.584,27.784,27.579,27.768,14827900
11/27/2018,27.682,27.726,27.461,27.513,6792000
11/28/2018,27.697,28.092,27.521,28.023,14748000
11/29/2018,27.763,28.086,27.603,27.866,12380400
11/30/2018,28.128,28.149,27.49,27.729,23440500
12/03/2018,27.955,28.05,27.532,27.742,13532300
12/04/2018,27.603,27.7,27.185,27.461,13429600
12/06/2018,27.3,27.784,27.195,27.763,18259100
12/07/2018,27.695,27.818,27.208,27.34,13856800
12/10/2018,27.403,27.555,27.027,27.369,13135900
12/11/2018,27.682,27.866,27.321,27.532,15455200
12/12/2018,27.918,27.929,27.537,27.605,15191200
12/13/2018,27.655,27.86,27.516,27.734,14431500
12/14/2018,27.576,27.842,27.576,27.81,14944300
12/17/2018,27.76,27.795,27.553,27.624,17449600
12/18/2018,27.734,27.994,27.576,27.829,21813200
12/19/2018,27.866,28.102,27.5,27.563,23022500
12/20/2018,27.626,27.771,26.893,27.185,23143800
12/21/2018,27.203,27.319,26.37,27.006,32004000
12/24/2018,21.425,21.698,19.742,21.162,7911900
12/26/2018,21.027,21.341,20.671,21.341,848478
12/27/2018,21.451,21.451,20.874,21.132,666056
12/28/2018,21.839,22.077,21.255,21.559,9336498
12/31/2018,21.722,23.202,21.722,23.149,11658614
01/02/2019,22.912,23.311,21.868,22.404,11390496
01/03/2019,22.105,22.314,21.26,21.459,11408198
01/04/2019,21.678,22.295,21.298,21.929,17472208
01/07/2019,21.806,22.494,21.616,21.982,9860103
01/08/2019,22.38,22.703,22.024,22.248,14746872
01/09/2019,22.376,22.499,22.21,22.267,6653815
01/10/2019,22.286,22.499,21.317,21.455,7053576
01/11/2019,21.341,21.706,21.08,21.094,4225890
01/14/2019,20.923,21.008,20.301,20.32,7245177
01/15/2019,20.439,20.747,20.168,20.439,5309020
01/16/2019,20.319,20.515,19.948,20.262,4765291
01/17/2019,20.277,20.757,20.211,20.752,7076888
01/18/2019,20.785,20.79,20.467,20.591,6357925
01/22/2019,20.833,21.198,20.562,20.918,6254113
01/23/2019,21.45,21.787,21.089,21.184,6253769
01/24/2019,21.322,21.431,20.989,21.341,7253509
01/25/2019,21.474,21.839,21.469,21.82,5090736
01/28/2019,21.794,22.499,21.661,22.269,11534079
01/29/2019,22.361,22.471,22.077,22.243,7171291
01/30/2019,22.49,22.789,22.399,22.756,6989719
01/31/2019,22.708,23.501,22.651,23.083,6190247
02/01/2019,23.254,23.62,23.026,23.572,3510396
02/04/2019,23.743,24.598,23.743,24.132,6047536
02/05/2019,24.341,24.498,24.042,24.251,5043462
02/06/2019,24.284,24.645,24.137,24.185,4975153
02/07/2019,24.023,24.123,23.634,23.966,3264665
02/08/2019,23.762,24.493,23.572,24.446,2836091
02/11/2019,24.626,24.721,24.237,24.697,4236183
02/12/2019,24.887,25.538,24.788,25.447,6796588
02/13/2019,25.59,25.932,25.343,25.625,3362308
02/14/2019,25.485,25.917,25.409,25.794,5251594
02/15/2019,26.012,26.535,25.637,26.112,4458769
02/19/2019,26.155,26.34,25.899,26.136,2308665
02/20/2019,26.24,26.492,25.936,26.359,2558102
02/21/2019,26.378,26.625,26.245,26.354,3705382
02/22/2019,26.506,26.672,26.373,26.672,3539680
02/25/2019,26.805,27.019,26.734,26.91,4518615
02/26/2019,26.729,27.114,26.406,26.933,4552922
02/27/2019,26.843,26.967,26.677,26.706,3182925
02/28/2019,26.683,26.824,26.194,26.507,7678788
03/01/2019,27.384,28.006,26.677,26.891,6447512
03/04/2019,27.095,27.128,25.875,26.269,5894598
03/05/2019,26.231,26.511,25.856,26.16,5290555
03/06/2019,26.027,26.027,25.091,25.514,4359969
03/07/2019,25.457,25.832,25.077,25.229,3454480
03/08/2019,24.963,25.063,24.489,24.863,3573202
03/11/2019,24.878,25.747,24.811,25.732,2854450
03/12/2019,25.751,26.326,25.723,25.941,4663058
03/13/2019,26.183,26.378,25.998,26.103,3919566
03/14/2019,26.587,27.536,26.44,27.157,6945598
03/15/2019,27.503,28.614,27.489,28.609,10121765
03/18/2019,28.681,29.037,28.363,28.728,4691257
03/19/2019,28.918,29.046,28.638,28.709,3824397
03/20/2019,28.666,28.847,28.13,28.32,3448396
03/21/2019,28.246,28.932,28.203,28.83,3117225
03/22/2019,28.438,29.041,28.253,28.272,2826952
03/25/2019,28.249,28.249,27.119,27.185,3491680
03/26/2019,27.498,28.002,27.241,27.959,3211267
03/27/2019,28.016,28.434,27.265,27.318,3347772
03/28/2019,27.28,27.484,26.901,27.009,3236052
03/29/2019,27.166,27.911,27.133,27.864,3585220
04/01/2019,28.381,28.695,28.258,28.69,3344102
04/02/2019,28.586,29.108,28.362,29.084,4477974
04/03/2019,29.084,29.269,28.795,29.231,3852865
04/04/2019,29.208,29.241,28.116,28.647,4082768
04/05/2019,28.695,29.621,28.695,29.526,3966106
04/08/2019,29.511,29.749,29.179,29.663,2566314
04/09/2019,29.573,29.625,29.108,29.303,2385232
04/10/2019,29.331,30.209,29.312,30.048,3164716
04/11/2019,30.133,30.323,29.796,30.309,3760814
04/12/2019,30.404,30.66,29.992,30.143,2156934
04/15/2019,30.197,30.371,29.946,30.292,2117410
04/16/2019,30.556,30.599,29.758,29.82,2086359
04/17/2019,29.964,30.148,29.679,29.793,1737820
04/18/2019,29.787,29.905,29.397,29.83,1636191
04/22/2019,29.815,30.029,29.693,30.015,1956754
04/23/2019,30.015,30.974,29.953,30.855,2909777
04/24/2019,30.932,31.548,30.827,31.541,2922458
04/25/2019,31.429,31.909,31.154,31.809,2324497
04/26/2019,31.363,31.643,30.755,31.035,2773197
04/29/2019,31.05,31.23,30.869,31.121,1788923
04/30/2019,31.168,32.047,31.168,31.999,2267620
05/01/2019,32.237,32.854,32.004,32.559,3947547
05/02/2019,32.493,32.735,31.543,32.355,3201718
05/03/2019,32.632,32.901,32.404,32.618,1784916
05/06/2019,31.923,32.526,31.852,32.355,1247915
05/07/2019,32.07,32.417,31.439,32.061,2326335
05/08/2019,31.828,31.952,31.576,31.857,1798475
05/09/2019,31.358,31.947,31.168,31.862,2582747
05/10/2019,31.7,31.994,31.121,31.89,1220322
05/13/2019,30.902,31.287,30.243,30.39,4976366
05/14/2019,30.509,31.681,30.433,31.406,1747901
05/15/2019,31.173,32.412,31.097,32.237,1859629
05/16/2019,32.308,33.343,32.239,33.139,1828946
05/17/2019,32.753,33.495,32.525,32.971,2665412
05/20/2019,32.564,32.74,31.847,32.284,2482883
05/21/2019,32.721,33.305,32.483,33.067,1981953
05/22/2019,33.357,33.419,32.6,32.759,2863376
05/23/2019,32.113,32.113,30.645,31.191,6036636
05/24/2019,31.344,31.9,31.002,31.373,3434666
05/28/2019,31.42,32.222,31.335,31.529,3122647
05/29/2019,31.229,31.439,30.717,31.429,4293187
05/30/2019,31.581,31.956,31.107,31.51,3803679
05/31/2019,28.799,29.511,27.114,28.268,14822077
06/03/2019,28.201,28.263,26.327,26.52,5758075
06/04/2019,27.057,27.422,26.554,27.389,4324864
06/05/2019,27.437,27.56,25.521,25.913,6718518
06/06/2019,26.088,26.126,24.745,25.286,7107051
06/07/2019,25.352,26.183,25.167,25.775,3898439
06/10/2019,26.022,26.364,25.652,25.694,3287642
06/11/2019,25.86,26.06,25.443,25.78,2890514
06/12/2019,25.739,26.074,25.141,25.184,2174004
06/13/2019,25.158,25.647,24.935,25.538,3611052
06/14/2019,25.139,25.405,24.099,24.403,3244874
06/17/2019,24.446,24.531,24.009,24.037,2783497
06/18/2019,24.308,24.996,24.17,24.446,4034925
06/19/2019,24.693,25.424,24.474,25.371,3882444
06/20/2019,26.16,27.185,25.315,25.846,4506447
06/21/2019,25.671,25.927,25.4,25.652,4700066
06/24/2019,25.634,25.78,25.193,25.316,3265193
06/25/2019,25.305,25.576,24.783,24.84,4388495
06/26/2019,25.144,25.519,25.058,25.3,1598583
06/27/2019,24.901,25.096,24.009,24.788,8905904
06/28/2019,25.001,25.049,24.047,24.161,12116849
07/01/2019,24.788,24.802,24.327,24.479,6299591
07/02/2019,24.317,24.778,24.023,24.769,4313187
07/03/2019,24.626,25.144,24.322,25.063,4974694
07/05/2019,24.75,24.996,24.586,24.868,3792961
07/08/2019,24.593,24.726,24.204,24.346,5246420
07/09/2019,24.194,24.37,24.037,24.246,4923382
07/10/2019,24.465,25.163,24.28,24.821,8471024
07/11/2019,24.835,25.39,24.766,25.381,5499073
07/12/2019,25.566,25.794,25.272,25.523,6954761
07/15/2019,25.637,26.245,25.614,26.193,7804546
07/16/2019,26.359,27.057,26.174,26.592,6464787
07/17/2019,26.587,26.834,26.285,26.824,3217500
07/18/2019,26.703,27.437,26.475,27.249,3958520
07/19/2019,27.514,28.092,26.873,26.973,4948521
07/22/2019,27.09,27.242,26.772,26.796,2666288
07/23/2019,26.919,26.919,25.939,26.335,3809096
07/24/2019,26.193,26.744,26.193,26.691,2496105
07/25/2019,26.739,26.9,26.003,26.145,3303958
07/26/2019,26.174,26.345,26.012,26.255,2946323
07/29/2019,26.501,26.701,25.851,26.577,3392473
07/30/2019,26.459,27.247,26.34,27.171,3565243
07/31/2019,27.195,27.532,26.857,27.408,4509368
08/01/2019,27.508,28.082,27.203,27.408,4370935
08/02/2019,26.041,26.349,24.427,24.882,20282663
08/05/2019,24.218,24.256,22.922,23.938,10181892
08/06/2019,24.17,24.46,23.477,24.113,5498668
08/07/2019,23.686,24.014,23.392,23.9,3230703
08/08/2019,24.033,24.707,24.033,24.36,4413255
08/09/2019,24.351,24.351,23.643,23.933,2150510
08/12/2019,23.762,23.852,23.349,23.482,1977663
08/13/2019,23.382,24.17,23.131,23.515,6630533
08/14/2019,23.116,23.259,22.295,23.078,6698034
08/15/2019,22.857,22.964,21.955,22.23,5166122
08/16/2019,22.499,23.354,22.433,23.007,4478912
08/19/2019,23.411,23.563,23.159,23.287,3600492
08/20/2019,23.131,23.406,22.879,23.012,3392446
08/21/2019,23.107,23.615,23.05,23.268,2137467
08/22/2019,23.468,23.529,22.987,23.283,2868739
08/23/2019,22.67,22.76,21.711,21.768,6260194
08/26/2019,21.842,22.352,21.818,22.036,3518552
08/27/2019,22.29,22.395,21.493,21.664,3129369
08/28/2019,21.611,21.659,21.056,21.521,3080645
08/29/2019,21.721,22.281,21.673,22.248,6541487
08/30/2019,24.142,25.258,23.572,24.384,31004074
09/03/2019,24.227,24.631,24.024,24.265,7606908
09/04/2019,24.452,24.631,23.868,24.324,5128145
09/05/2019,24.479,25.4,24.265,25.125,8272183
09/06/2019,25.163,25.538,24.811,25.343,6119619
09/09/2019,25.637,25.851,25.229,25.775,6564319
09/10/2019,25.58,26.516,25.281,26.34,5632410
09/11/2019,26.169,26.349,25.97,26.255,5542525
09/12/2019,26.373,26.554,25.661,25.709,5196185
09/13/2019,25.661,25.946,25.371,25.4,2353358
09/16/2019,25.163,25.898,25.106,25.69,2707444
09/17/2019,25.637,25.685,25.215,25.566,2418523
09/18/2019,25.604,25.604,24.693,25.082,3315844
09/19/2019,25.049,25.471,24.954,25.163,4629066
09/20/2019,25.253,25.324,24.548,24.602,5629732
09/23/2019,24.598,25.163,24.22,25.101,4431697
09/24/2019,25.191,25.471,24.524,24.754,6168138
09/25/2019,24.778,25.647,24.712,25.514,5592938
09/26/2019,25.163,25.163,24.365,24.75,5165140
09/27/2019,24.887,25.106,23.923,24.199,3879321
09/30/2019,24.189,24.702,24.151,24.631,2247464
10/01/2019,24.75,25.11,24.401,24.507,3178535
10/02/2019,24.45,24.455,23.814,24.109,2574121
10/03/2019,24.123,24.389,23.449,24.251,2323908
10/04/2019,24.322,24.45,23.833,23.871,3505924
10/07/2019,23.786,24.246,23.734,23.985,2750701
10/08/2019,23.828,23.914,23.164,23.173,2356091
10/09/2019,23.33,23.61,23.145,23.472,2177665
10/10/2019,23.458,23.544,23.211,23.292,4330029
10/11/2019,23.679,24.393,23.629,23.869,2526067
10/14/2019,23.857,24.094,23.791,24.042,1184291
10/15/2019,23.976,24.564,23.904,24.289,1708703
10/16/2019,24.175,24.18,23.819,23.995,1717749
10/17/2019,24.137,24.332,23.885,23.923,1582849
10/18/2019,23.909,23.947,23.503,23.677,2828329
10/21/2019,23.691,23.98,23.546,23.734,2104806
10/22/2019,23.885,24.037,23.634,23.738,1721870
10/23/2019,23.685,23.933,23.386,23.88,2231820
10/24/2019,24.052,24.332,23.705,24.223,2374638
10/25/2019,24.265,24.84,24.189,24.526,2729847
10/28/2019,24.655,24.901,24.436,24.498,2811853
10/29/2019,24.522,25.291,24.479,25.281,5017950
10/30/2019,25.262,25.709,25.034,25.542,2867221
10/31/2019,25.471,25.542,24.74,25.129,2667009
11/01/2019,25.248,25.348,25.063,25.296,2116932
11/04/2019,25.564,25.699,25.388,25.554,1643038
11/05/2019,25.595,26.041,25.419,25.841,3643045
11/06/2019,26.112,26.112,25.495,25.799,2514565
11/07/2019,26.003,26.088,25.699,25.775,2338463
11/08/2019,25.808,25.917,25.424,25.804,1660636
11/11/2019,25.552,26.05,25.471,25.884,1560971
11/12/2019,26.012,26.482,25.946,26.302,5098247
11/13/2019,26.112,26.302,25.894,26.008,1794846
11/14/2019,25.827,26.677,25.718,26.136,2848375
11/15/2019,26.421,26.516,26.188,26.416,2226232
11/18/2019,26.421,26.535,26.145,26.392,1628605
11/19/2019,26.425,26.91,26.245,26.682,2526532
11/20/2019,26.501,26.72,26.083,26.231,2517280
11/21/2019,26.226,26.397,25.49,25.5,2665451
11/22/2019,25.497,25.637,25.165,25.459,2425457
11/25/2019,25.636,26.402,25.636,26.144,3405600
11/26/2019,26.432,26.558,25.236,25.25,8289340
11/27/2019,24.223,24.764,23.62,23.904,25238062
11/29/2019,23.883,23.957,23,23.057,6125602
12/02/2019,22.955,23.107,22.471,22.656,6564704
12/03/2019,22.219,22.547,22.043,22.494,7125969
12/04/2019,22.741,22.836,22.57,22.618,3782983
12/05/2019,22.606,22.661,22.136,22.473,3760503
12/06/2019,22.551,23.121,22.328,22.366,5643453
12/09/2019,22.229,22.775,22.053,22.627,7103397
12/10/2019,22.509,22.779,22.376,22.48,5875345
12/11/2019,22.466,22.67,22.267,22.646,3906681
12/12/2019,22.466,23.577,22.352,23.506,4655388
12/13/2019,23.468,23.776,23.278,23.42,4889488
12/16/2019,23.734,23.81,23.392,23.506,6350851
12/17/2019,23.605,23.838,23.529,23.719,4290026
12/18/2019,23.738,24.018,23.558,23.719,4231978
12/19/2019,23.767,23.895,23.634,23.691,2793634
12/20/2019,23.881,23.999,23.506,23.553,4998302
12/23/2019,23.577,24.299,23.558,23.957,2824538
12/24/2019,23.952,24.37,23.857,24.147,1818316
12/26/2019,24.336,24.821,24.265,24.693,2733976
12/27/2019,24.783,24.783,24.068,24.199,2779440
12/30/2019,24.158,24.479,23.978,24.173,2390083
12/31/2019,24.118,24.64,23.999,24.398,3015193
01/02/2020,24.716,24.982,24.474,24.83,3895794
01/03/2020,24.403,24.678,23.939,24.009,3953006
01/06/2020,23.781,24.351,23.781,24.251,4760716
01/07/2020,24.232,24.36,23.534,23.643,5755031
01/08/2020,23.501,23.757,23.335,23.738,6687467
01/09/2020,23.833,23.862,23.273,23.548,6201368
01/10/2020,23.558,23.71,23.458,23.487,4550675
01/13/2020,23.591,23.734,23.112,23.667,6480881
01/14/2020,23.658,24.465,23.648,24.161,6131534
01/15/2020,24.075,24.28,23.928,24.028,3413289
01/16/2020,24.218,24.56,24.066,24.374,4092549
01/17/2020,24.45,24.45,23.762,23.9,5868537
01/21/2020,23.819,23.819,23.211,23.401,5086483
01/22/2020,23.501,23.795,23.501,23.71,2477727
01/23/2020,23.75,23.961,23.442,23.912,1982861
01/24/2020,23.999,24.232,23.515,23.738,3438412
01/27/2020,23.102,23.211,22.775,22.869,5842904
01/28/2020,23.031,23.358,22.955,23.116,3856766
01/29/2020,23.24,23.358,23.045,23.24,2526778
01/30/2020,22.979,23.487,22.865,23.444,4394501
01/31/2020,23.324,23.382,22.859,23.153,4099434
02/03/2020,23.164,23.453,23.078,23.349,3063166
02/04/2020,23.738,24.441,23.472,24.223,5530495
02/05/2020,24.441,24.873,24.023,24.109,6668071
02/06/2020,24.289,25.129,24.242,25.082,5930284
02/07/2020,24.925,24.925,24.213,24.503,8668356
02/10/2020,24.213,24.769,24.004,24.74,5181820
02/11/2020,24.735,25.21,24.688,24.811,8627882
02/12/2020,25.034,25.409,24.963,25.305,6546988
02/13/2020,24.664,25.082,24.417,24.954,6579187
02/14/2020,25.139,25.424,24.987,25.101,3936608
02/18/2020,24.83,25.139,24.631,25.053,4495818
02/19/2020,25.115,25.443,25.044,25.329,5076170
02/20/2020,25.324,25.352,24.826,25.144,4794044
02/21/2020,25.02,25.072,24.313,24.555,3785918
02/24/2020,23.629,23.677,22.513,22.936,6754279
02/25/2020,23.29,23.358,21.921,21.946,6036520
02/26/2020,22.181,22.475,21.507,21.796,6302980
02/27/2020,21.141,21.621,20.367,20.714,10101577
02/28/2020,19.4654,20.467,18.6108,19.209,16309168
03/02/2020,19.3325,20.173,18.7058,20.125,7309833
03/03/2020,20.258,20.752,19.66,19.8547,8698217
03/04/2020,20.177,20.595,19.5601,20.595,5538650
03/05/2020,19.9544,20.206,19.2233,19.3942,6572957
03/06/2020,18.5159,19.4084,18.3354,18.815,7939334
03/09/2020,17.3195,17.4714,16.8352,17.2055,10514525
03/10/2020,17.8987,18.6963,16.8542,18.5823,8755160
03/11/2020,17.8702,18.3022,17.3622,17.5378,8896907
03/12/2020,16.1468,16.5788,15.3397,15.5438,13211016
03/13/2020,16.7023,17.0678,15.7337,17.0678,9046820
03/16/2020,13.8537,16.2892,13.8537,15.3017,9424089
03/17/2020,15.5771,15.8857,14.3569,14.8649,9265049
03/18/2020,13.7682,14.3142,12.1113,13.7112,8728903
03/19/2020,13.7682,15.5296,13.3789,15.1925,8101793
03/20/2020,15.5913,17.5141,15.202,15.4061,13228769
03/23/2020,15.6673,16.9634,14.9694,16.1135,6756232
03/24/2020,17.31,18.4494,16.3937,18.4352,6455510
03/25/2020,18.6251,20.13,18.1218,18.6678,6720046
03/26/2020,18.9621,20.367,18.7532,20.192,5675247
03/27/2020,19.0998,19.4606,18.1693,18.3972,5893425
03/30/2020,18.8529,19.5461,18.4114,18.9052,6671146
03/31/2020,18.7343,19.4654,18.4636,18.777,3178182
04/01/2020,17.9203,18.4494,17.3317,17.5168,4434965
04/02/2020,17.3669,18.0648,17.1723,17.628,3405039
04/03/2020,17.5521,17.8892,16.8684,17.2435,3678536
04/06/2020,18.2642,18.5823,17.9984,18.4684,5661723
04/07/2020,18.9526,19.3609,18.1123,18.2263,5009387
04/08/2020,18.4209,19.3182,18.326,19.1853,6105046
04/09/2020,19.7835,20.296,19.5326,19.7265,6914845
04/13/2020,19.304,19.6173,18.9526,19.1663,2944245
04/14/2020,19.5556,20.106,19.3704,19.6268,4575491
04/15/2020,19.0035,19.3989,18.7993,19.2076,3558103
04/16/2020,19.342,19.5556,18.9289,19.5129,2626404
04/17/2020,20.011,20.068,19.4654,19.7028,5941942
04/20/2020,19.152,19.8262,19.0618,19.4084,3721000
04/21/2020,18.9574,19.0618,17.6613,17.7562,6804633
04/22/2020,18.1835,18.6108,17.9889,18.4114,7576022
04/23/2020,18.6156,18.8862,18.3734,18.4684,2716294
04/24/2020,18.6749,18.9811,18.2808,18.8316,3314571
04/27/2020,19.0647,19.2802,18.9935,19.1122,2839654
04/28/2020,19.4606,19.6363,19.0856,19.3894,4973962
04/29/2020,19.7807,20.733,19.714,20.662,6318412
04/30/2020,20.417,20.619,20.102,20.284,3104379
05/01/2020,19.7455,19.9354,18.8862,18.9906,3518763
05/04/2020,18.834,19.2612,18.4162,19.247,2304228
05/05/2020,19.4659,19.7787,19.0623,19.0813,1999851
05/06/2020,19.2755,19.5271,19.0903,19.19,2102636
05/07/2020,19.4939,19.8594,19.3989,19.8215,1980873
05/08/2020,20.13,20.795,20.064,20.719,3787050
05/11/2020,20.538,20.78,20.192,20.595,2479031
05/12/2020,20.671,20.79,20.073,20.092,1878482
05/13/2020,20.106,20.272,19.1568,19.4749,3868807
05/14/2020,19.0666,19.8927,18.6583,19.8832,2912006
05/15/2020,19.5414,20.064,19.2612,19.9829,2393740
05/18/2020,20.355,21.07,20.204,20.792,3189706
05/19/2020,20.695,21.336,20.695,20.904,3878644
05/20/2020,21.089,21.345,20.776,21.203,3650221
05/21/2020,21.217,21.383,20.671,21.065,3030693
05/22/2020,20.605,20.795,19.8879,20.448,5191053
05/26/2020,21.26,21.412,21.075,21.108,3331408
05/27/2020,21.369,21.635,20.742,21.611,5327450
05/28/2020,21.493,21.929,21.478,21.63,6807884
05/29/2020,23.235,23.738,22.789,23.534,21818708
06/01/2020,23.377,23.643,22.922,23.439,6699640
06/02/2020,23.453,23.567,23.083,23.335,5287800
06/03/2020,23.501,23.529,23.126,23.192,4746276
06/04/2020,22.998,23.377,22.86,23.354,4529392
06/05/2020,23.472,24.379,23.472,23.98,7783256
06/08/2020,24.192,24.707,24.12,24.529,6009773
06/09/2020,24.355,24.355,23.686,23.757,4250899
06/10/2020,23.772,23.847,23.245,23.43,2347067
06/11/2020,22.784,22.907,22.053,22.138,5474258
06/12/2020,22.964,23.112,21.882,22.267,3190243
06/15/2020,21.744,22.509,21.659,22.342,3786008
06/16/2020,23.036,23.121,22.376,22.642,2602799
06/17/2020,22.68,23.083,22.537,22.561,3420464
06/18/2020,22.428,22.57,22.186,22.518,3899313
06/19/2020,22.952,23.51,22.82,23.195,5472827
06/22/2020,23.081,23.387,22.715,22.971,3241754
06/23/2020,23.183,23.51,22.95,23.301,9835281
06/24/2020,26.041,26.065,24.55,25.229,30930485
06/25/2020,24.892,24.944,24.109,24.498,7013013
06/26/2020,24.313,25.125,24.118,24.759,8897649
06/29/2020,25.006,25.599,24.602,25.528,6647122
06/30/2020,25.552,26.221,25.362,26.088,5105348
07/01/2020,26.141,26.383,25.671,25.766,4636280
07/02/2020,26.188,26.463,25.504,25.523,3149444
07/06/2020,25.875,25.955,25.523,25.666,2920917
07/07/2020,25.452,25.614,25.106,25.129,3022439
07/08/2020,25.257,25.709,25.12,25.709,3639278
07/09/2020,25.827,25.827,25.163,25.49,2520268
07/10/2020,25.388,25.49,25.127,25.379,1966115
07/13/2020,25.4,25.49,24.569,24.569,3567816
07/14/2020,24.379,24.954,24.251,24.925,2280434
07/15/2020,25.015,25.348,24.764,25.015,3574195
07/16/2020,27.831,29.26,27.798,28.056,47488127
07/17/2020,27.897,28.79,27.508,28.685,10365245
07/20/2020,28.628,29.364,28.571,29.174,5476143
07/21/2020,29.293,29.673,28.984,28.989,4937260
07/22/2020,29.122,29.678,29.051,29.322,5557328
07/23/2020,29.322,29.858,28.923,29.227,3924818
07/24/2020,28.795,29.06,28.595,28.861,2284151
07/27/2020,28.889,29.122,28.7,28.942,2510093
07/28/2020,28.79,28.927,28.12,28.187,2816710
07/29/2020,28.215,28.586,28.101,28.339,2801112
07/30/2020,28.054,28.249,27.589,28.087,3371633
07/31/2020,28.315,28.448,27.774,28.41,3071101
08/03/2020,28.443,28.885,28.187,28.704,2805756
08/04/2020,28.699,28.799,28.396,28.647,2705865
08/05/2020,28.842,29.041,28.662,28.776,2013467
08/06/2020,28.609,29.075,28.443,28.932,3600650
08/07/2020,28.852,28.918,28.511,28.871,1779675
08/10/2020,29.041,29.464,28.942,29.355,2694245
08/11/2020,29.549,30,29.139,29.198,3348793
08/12/2020,29.483,29.573,29.103,29.369,1700006
08/13/2020,29.06,29.255,28.249,28.296,4890234
08/14/2020,28.381,28.652,28.287,28.453,1753723
08/17/2020,28.581,28.814,28.313,28.344,1652300
08/18/2020,28.306,28.657,28.306,28.476,1346130
08/19/2020,28.638,28.809,28.353,28.448,3365594
08/20/2020,28.372,28.467,28.161,28.334,1735482
08/21/2020,28.177,28.809,28.158,28.685,3506561
08/24/2020,29.388,29.53,29.037,29.227,2235369
08/25/2020,29.241,29.388,28.7,28.79,2376139
08/26/2020,29.35,29.564,28.885,29.483,3578383
08/27/2020,29.72,29.996,29.184,29.754,6598433
08/28/2020,31.111,32.104,30.765,31.434,16892741
08/31/2020,31.13,31.985,31.064,31.358,5253302
09/01/2020,31.534,31.733,31.197,31.505,3741638
09/02/2020,31.778,32.574,31.498,32.505,3870739
09/03/2020,31.869,32.127,30.577,31.118,3219719
09/04/2020,31.021,31.429,29.972,30.698,4088630
09/08/2020,29.934,31.135,29.773,30.451,5285953
09/09/2020,30.912,31.99,30.765,31.733,5857468
09/10/2020,31.846,31.961,30.878,31.053,3257572
09/11/2020,31.202,31.691,30.993,31.524,2770835
09/14/2020,31.807,32.18,31.562,31.736,3517756
09/15/2020,32.047,32.346,31.681,31.876,2278021
09/16/2020,32.127,32.55,31.966,31.98,3522087
09/17/2020,31.491,32.118,31.092,31.61,3941293
09/18/2020,31.634,31.885,31.247,31.505,18137076
09/21/2020,30.751,31.107,30.252,31.102,3771183
09/22/2020,31.389,31.491,30.843,31.479,1667107
09/23/2020,31.914,31.971,31.026,31.145,3509668
09/24/2020,30.921,31.32,30.551,31.04,2694373
09/25/2020,30.86,31.268,30.689,31.211,2084881
09/28/2020,31.743,32.113,31.558,31.956,3192096
09/29/2020,32.042,32.517,31.757,32.474,2308906
09/30/2020,32.471,32.702,31.891,32.138,2705978
10/01/2020,32.37,32.526,31.866,32.07,1781705
10/02/2020,31.282,32.108,31.202,31.885,1678778
10/05/2020,32.232,32.431,31.952,32.384,4696634
10/06/2020,32.327,32.702,31.904,32.037,3255976
10/07/2020,32.431,32.455,31.843,31.999,3758928
10/08/2020,32.044,32.863,32.016,32.595,4540794
10/09/2020,32.802,32.968,32.445,32.469,1929451
10/12/2020,32.593,33.001,32.521,32.878,1281366
10/13/2020,33.234,33.727,33.02,33.476,2743780
10/14/2020,33.59,33.922,33.367,33.547,1740309
10/15/2020,33.01,33.423,32.688,33.238,2122947
10/16/2020,33.623,33.808,33.291,33.3,2766308
10/19/2020,33.424,33.666,32.868,33.006,1767045
10/20/2020,33.295,33.419,32.934,32.953,1190791
10/21/2020,33.21,33.499,32.927,33.158,3119940
10/22/2020,33.433,33.433,32.177,32.654,1737787
10/23/2020,32.638,32.692,32.21,32.334,2229695
10/26/2020,32.025,32.042,30.359,30.739,3365616
10/27/2020,30.765,30.855,30.143,30.176,1505779
10/28/2020,29.454,29.644,28.804,28.814,3008703
10/29/2020,28.719,28.975,28.401,28.733,3134404
10/30/2020,28.695,28.899,27.954,28.638,3154980
11/02/2020,29.051,29.179,28.514,28.624,1865106
11/03/2020,28.994,29.849,28.965,29.331,1390355
11/04/2020,29.659,29.934,29.122,29.54,2787769
11/05/2020,30.005,30.67,29.91,30.618,2618142
11/06/2020,30.727,30.803,30.1,30.646,1284731
11/09/2020,31.301,31.358,30.475,30.494,2495455
11/10/2020,30.451,30.95,30.038,30.675,3069753
11/11/2020,30.94,30.988,30.418,30.812,1554032
11/12/2020,30.789,31.064,30.357,30.584,1969162
11/13/2020,30.841,31.425,30.751,31.387,2646158
11/16/2020,31.586,32.051,31.149,31.975,2463674
11/17/2020,31.733,32.379,31.6,32.218,1685528
11/18/2020,32.498,32.65,32.021,32.094,2057071
11/19/2020,32.028,32.626,31.672,32.55,3325712
11/20/2020,32.659,32.849,32.427,32.46,2527763
11/23/2020,32.569,33.158,32.54,32.92,2485436
11/24/2020,33.234,33.471,32.949,33.295,5196996
11/25/2020,33.153,33.224,31.928,32.92,7741358
11/27/2020,32.93,33.338,32.773,33.11,2509206
11/30/2020,33.305,33.433,32.289,32.773,4136535
12/01/2020,33.162,33.599,32.787,33.461,5566360
12/02/2020,33.518,33.756,33.077,33.504,3800096
12/03/2020,33.623,33.95,33.276,33.656,3848893
12/04/2020,33.727,34.316,33.542,34.235,4681716
12/07/2020,34.292,34.487,33.215,33.409,4902872
12/08/2020,33.386,34.145,33.3,34.136,3110165
12/09/2020,34.25,34.644,33.713,33.955,4299338
12/10/2020,33.685,34.297,33.381,34.273,4526793
12/11/2020,34.077,34.439,33.778,34.02,1964028
12/14/2020,34.183,34.644,34.145,34.354,3962291
12/15/2020,34.772,35.076,34.363,35.014,2871889
12/16/2020,35.109,35.27,34.965,35.057,2300986
12/17/2020,35.213,35.522,35.196,35.46,3274273
12/18/2020,35.607,35.793,34.364,34.653,9487045
12/21/2020,34.335,34.819,33.723,34.691,2992512
12/22/2020,34.985,35.071,34.444,34.515,2196624
12/23/2020,34.61,35.061,34.368,34.853,2990741
12/24/2020,35.019,35.08,34.537,34.648,3134695
12/28/2020,34.919,35.014,34.39,34.587,5511093
12/29/2020,34.629,35,33.875,33.932,7598025
12/30/2020,34.031,34.682,33.955,34.425,8279518
12/31/2020,34.52,34.834,34.171,34.791,2096026
01/04/2021,35.047,35.08,34.036,34.411,6428346
01/05/2021,34.136,35.123,33.946,34.905,3560082
01/06/2021,34.81,35.717,34.613,35.19,4550743
01/07/2021,35.574,36.248,35.384,36.248,4212354
01/08/2021,36.367,36.752,35.963,36.676,4862644
01/11/2021,36.21,36.481,35.907,35.911,2541928
01/12/2021,36.016,36.443,35.885,36.438,2307225
01/13/2021,35.489,35.598,33.319,33.818,13902310
01/14/2021,33.851,35.061,33.832,34.777,7887696
01/15/2021,34.729,35.56,34.597,35.247,5904781
01/19/2021,35.403,35.622,35.275,35.541,3963639
01/20/2021,36.044,36.642,35.569,36.581,5302520
01/21/2021,36.79,36.899,36.035,36.524,4318899
01/22/2021,35.992,36.168,35.622,36.073,1819034
01/25/2021,36.246,36.263,34.902,35.928,2229183
01/26/2021,36.082,36.315,35.584,36.125,2122289
01/27/2021,35.422,35.959,34.758,35.066,4771990
01/28/2021,35.057,35.698,34.601,35.099,4520107
01/29/2021,34.867,35.408,34.359,34.601,3025509
02/01/2021,34.966,35.474,34.515,35.133,2614131
02/02/2021,36.547,36.904,36.282,36.638,6593885
02/03/2021,36.438,37.188,36.438,36.913,2000114
02/04/2021,37.112,37.668,37.054,37.658,2565960
02/05/2021,37.744,38.019,37.597,37.777,3159303
02/08/2021,37.981,38.318,37.744,37.953,9709915
02/09/2021,37.649,37.948,37.412,37.791,8007340
02/10/2021,37.901,37.981,37.231,37.782,3547888
02/11/2021,37.905,38.038,36.961,37.744,2356129
02/12/2021,37.763,38.01,37.435,38.005,3023976
02/16/2021,38.347,38.413,37.255,37.758,3996546
02/17/2021,37.431,37.967,37.319,37.63,3248106
02/18/2021,37.374,38.233,37.112,37.829,2363180
02/19/2021,38.295,38.608,38,38.347,2772975
02/22/2021,38.299,38.921,37.763,38.361,4412757
02/23/2021,37.984,38.399,36.574,38.254,4294602
02/24/2021,38.356,38.893,38.176,38.784,3282332
02/25/2021,38.456,38.741,37.492,37.848,4789365
02/26/2021,38.304,39.496,37.981,38.489,5922676
03/01/2021,38.494,39.614,38.494,39.448,3703463
03/02/2021,39.406,39.676,38.997,39.282,2433748
03/03/2021,39.444,39.961,39.187,39.719,4660416
03/04/2021,39.605,40.07,38.665,39.296,4230668
03/05/2021,39.819,40.683,39.581,40.521,5261176
03/08/2021,40.792,41.157,40.327,40.407,5794009
03/09/2021,40.873,41.713,40.83,41.072,3546412
03/10/2021,41.271,41.832,41.186,41.627,3618422
03/11/2021,41.779,42.477,41.779,42.069,5542492
03/12/2021,42.026,42.178,41.618,42.173,1838350
03/15/2021,42.131,42.406,41.884,42.382,5129039
03/16/2021,42.492,42.629,41.903,42.29,4815591
03/17/2021,42.15,43.446,41.841,43.334,5288295
03/18/2021,42.947,42.947,41.803,41.827,4447411
03/19/2021,41.646,42.14,41.566,41.646,6229276
03/22/2021,41.509,41.912,41.271,41.466,5311290
03/23/2021,41.345,41.756,40.265,40.718,3951870
03/24/2021,40.987,41.495,40.754,41.001,3438939
03/25/2021,40.431,41.257,40.308,40.83,2612111
03/26/2021,41.148,42.254,40.93,42.254,4683032
03/29/2021,42.097,42.553,41.67,41.86,3321383
03/30/2021,41.627,42.278,41.594,42.064,4054447
03/31/2021,42.088,42.254,41.751,41.855,2641929
04/01/2021,41.912,42.411,41.822,42.292,2943361
04/05/2021,42.368,42.643,42.23,42.425,4270589
04/06/2021,42.458,42.715,42.254,42.506,4591326
04/07/2021,42.549,43.873,42.549,43.446,5032158
04/08/2021,43.821,44.096,43.007,43.978,6485489
04/09/2021,43.821,44.633,43.745,44.571,3382502
04/12/2021,44.296,44.647,44.221,44.367,2939058
04/13/2021,44.476,44.476,43.859,43.93,2841570
04/14/2021,43.997,44.395,43.939,44.02,5311661
04/15/2021,46.556,48.061,45.259,46.912,23243269
04/16/2021,47.348,48.507,47.106,48.122,8413832
04/19/2021,48.141,49.281,47.885,49.091,6155898
04/20/2021,49.115,49.148,48.023,48.174,4724526
04/21/2021,48.08,48.578,47.966,48.141,3917184
04/22/2021,48.136,48.431,47.529,47.709,2405259
04/23/2021,47.942,48.326,47.709,48.146,5384649
04/26/2021,48.165,48.298,47.553,47.624,3340647
04/27/2021,47.61,48.108,47.577,47.814,2557531
04/28/2021,47.928,47.928,47.177,47.201,1411845
04/29/2021,47.548,47.828,47.22,47.472,2382828
04/30/2021,47.296,47.344,46.598,46.707,1981130
05/03/2021,47.097,47.244,46.361,46.413,4065656
05/04/2021,46.052,46.152,45.511,45.82,3366370
05/05/2021,46.18,46.869,45.834,46.688,3158168
05/06/2021,46.798,47.396,46.408,47.367,3070212
05/07/2021,47.477,48.284,47.367,47.942,3246976
05/10/2021,47.975,48.07,47.282,47.339,2614271
05/11/2021,45.696,46.584,45.563,46.451,5062614
05/12/2021,46.057,46.285,44.614,44.685,3541188
05/13/2021,45.088,46.029,44.922,45.758,2314013
05/14/2021,46.347,46.779,46.157,46.731,1431888
05/17/2021,46.527,46.931,46.366,46.707,1964968
05/18/2021,46.885,47.016,46.437,46.579,1367605
05/19/2021,45.777,46.323,45.293,45.957,2419403
05/20/2021,46.1,47.045,46.076,46.812,2358496
05/21/2021,47.206,47.334,46.674,46.75,1803320
05/24/2021,47.149,47.79,47.066,47.543,2433527
05/25/2021,47.809,47.923,47.211,47.239,2872820
05/26/2021,47.31,47.69,47.173,47.339,2088821
05/27/2021,47.578,47.695,46.999,47.331,5613350
05/28/2021,46.848,47.348,45.217,46.812,5380171
06/01/2021,47.282,48.891,47.206,48.877,6722139
06/02/2021,48.877,49.058,47.852,47.856,3971427
06/03/2021,47.609,48.407,47.135,48.279,3717553
06/04/2021,48.455,49.171,48.322,49.152,3629789
06/07/2021,49.461,49.566,48.621,48.82,1883765
06/08/2021,48.868,49.456,48.82,49.328,2212116
06/09/2021,49.478,49.551,49.031,49.368,1834233
06/10/2021,49.328,49.67,49.129,49.283,2835699
06/11/2021,49.138,49.428,48.336,49.366,2926315
06/14/2021,49.376,49.48,48.542,48.768,2811506
06/15/2021,48.844,49.048,48.604,48.844,1603996
06/16/2021,48.763,49.096,48.426,48.782,2593268
06/17/2021,48.782,48.782,47.22,47.32,4358979
06/18/2021,46.641,46.931,46.214,46.788,4877869
06/21/2021,47.116,47.553,47.035,47.477,3174091
06/22/2021,47.477,47.477,47.002,47.325,1735331
06/23/2021,47.334,47.401,47.002,47.111,1475699
06/24/2021,47.477,47.477,46.812,47.03,5816109
06/25/2021,47.239,47.382,47.125,47.239,7889973
06/28/2021,47.239,47.572,47.158,47.353,7576425
06/29/2021,47.382,48.569,47.177,48.535,7798324
06/30/2021,48.094,48.269,47.287,47.315,4682764
07/01/2021,47.049,47.201,46.48,46.859,3324084
07/02/2021,47.073,47.334,46.48,47.163,2997119
07/06/2021,47.149,47.572,46.579,46.703,2960196
07/07/2021,46.983,47.51,46.688,47.215,2506026
07/08/2021,46.537,47.329,46.354,46.997,2902609
07/09/2021,47.144,47.885,47.106,47.595,3662736
07/12/2021,47.529,47.529,46.104,46.119,3311820
07/13/2021,45.934,45.948,44.5,44.514,5917749
07/14/2021,44.915,45.497,44.222,44.341,4395405
07/15/2021,44.127,44.495,43.79,44.464,3965536
07/16/2021,44.728,44.77,43.783,43.788,3068334
07/19/2021,43.123,44.281,43.004,44.068,3356087
07/20/2021,44.348,45.549,44.319,45.283,4176129
07/21/2021,45.435,45.91,45.16,45.701,2791733
07/22/2021,45.805,45.872,45.2,45.568,2266304
07/23/2021,45.578,45.91,45.383,45.848,1637714
07/26/2021,45.919,46.095,45.706,45.796,1910548
07/27/2021,45.397,45.758,45.079,45.615,1301446
07/28/2021,45.696,45.862,45.487,45.549,841456
07/29/2021,45.739,46.01,45.369,45.962,1284194
07/30/2021,45.754,46.18,45.597,45.872,1281855
08/02/2021,46.09,46.114,45.57,45.725,1995812
08/03/2021,45.938,46.912,45.634,46.731,2707456
08/04/2021,46.522,46.575,46.123,46.237,1212790
08/05/2021,46.527,46.812,46.328,46.717,1319949
08/06/2021,46.71,46.916,46.563,46.814,1189563
08/09/2021,46.461,46.888,46.342,46.764,1068420
08/10/2021,46.98,47.083,46.596,46.734,1385402
08/11/2021,46.726,47.704,46.726,47.652,1830487
08/12/2021,47.681,47.856,47.287,47.7,1330114
08/13/2021,47.719,47.871,47.31,47.477,1207564
08/16/2021,47.249,47.41,46.783,47.282,1396182
08/17/2021,47.078,47.125,46.1,46.432,1854220
08/18/2021,46.242,46.575,46.024,46.033,1190205
08/19/2021,45.578,46.029,45.345,45.682,1749188
08/20/2021,46.228,46.973,46.062,46.764,2462813
08/23/2021,46.983,47.695,46.726,47.534,2639256
08/24/2021,47.951,48.089,47.424,47.818,4402966
08/25/2021,47.681,48.63,47.548,48.45,2955473
08/26/2021,48.662,48.749,48.002,48.196,3212896
08/27/2021,46.84,48.17,45.107,45.995,9125806
08/30/2021,46.318,47.03,45.767,46.575,5039411
08/31/2021,46.584,46.741,46.147,46.228,4171262
09/01/2021,46.304,46.513,45.919,45.929,2863366
09/02/2021,46.067,46.446,45.815,46.081,2142607
09/03/2021,46.087,46.522,46.006,46.13,1470974
09/07/2021,45.957,46.147,45.506,45.563,2011875
09/08/2021,45.506,45.687,44.706,45.055,3336456
09/09/2021,44.88,45.957,44.88,45.753,2994812
09/10/2021,46.019,46.138,45.112,45.212,3381683
09/13/2021,46.712,47.192,46.319,46.935,8957487
09/14/2021,46.921,46.954,46.133,46.261,4369946
09/15/2021,46.342,47.828,46.176,47.7,4950885
09/16/2021,47.576,48.231,47.42,48.146,4695816
09/17/2021,48.146,48.493,46.793,47.738,7380471
09/20/2021,46.931,48.469,46.907,47.875,7210928
09/21/2021,48.426,48.521,46.921,47.139,4550022
09/22/2021,47.348,47.429,46.494,47.125,4796484
09/23/2021,47.871,49.96,47.002,48.742,9922510
09/24/2021,48.725,49.423,48.711,49.333,4996478
09/27/2021,49.105,49.893,49.081,49.784,3545219
09/28/2021,49.471,50.173,49.39,49.969,3274219
09/29/2021,50.138,50.449,49.335,50.076,4012675
09/30/2021,50.159,50.254,48.763,49.376,3985145
10/01/2021,49.656,50.444,49.437,50.202,3183135
10/04/2021,50.349,50.596,49.575,49.926,3527964
10/05/2021,50.282,50.539,49.722,50.259,2791243
10/06/2021,49.65,50.183,49.347,50.102,2475038
10/07/2021,50.396,51.028,50.126,50.819,3464441
10/08/2021,51.028,51.227,49.499,49.888,4402378
10/11/2021,49.907,50.453,49.694,49.926,2402718
10/12/2021,49.912,50.102,49.081,49.266,2850523
10/13/2021,49.38,49.684,48.877,49.262,4930599
10/14/2021,49.49,50.534,49.457,50.34,3219375
10/15/2021,50.676,51.26,50.449,51.142,2866428
10/18/2021,51.488,52.077,51.37,51.579,3428387
10/19/2021,51.844,52.675,51.583,52.614,6443364
10/20/2021,52.784,53.16,52.566,52.998,5656903
10/21/2021,52.936,53.886,52.732,53.639,6149303
10/22/2021,53.573,54.489,53.482,54.38,4508030
10/25/2021,54.503,54.598,53.269,53.321,8499957
10/26/2021,53.468,53.577,52.291,52.348,4595273
10/27/2021,52.125,52.319,51.237,51.474,6134777
10/28/2021,52.11,52.428,51.65,52.276,5515643
10/29/2021,51.854,53.103,51.854,52.2,8094771
11/01/2021,51.916,52.97,51.916,52.965,5017591
11/02/2021,53.074,53.711,49.655,51.154,16693725
11/03/2021,51.529,51.838,50.835,51.669,9192573
11/04/2021,51.538,51.941,50.358,51.126,5308793
11/05/2021,51.341,52.859,51.135,52.793,6504292
11/08/2021,52.802,53.13,51.772,52.044,4064751
11/09/2021,51.941,52.718,51.529,52.521,3535484
11/10/2021,52.409,53.561,52.376,53.037,4890404
11/11/2021,53.144,53.561,52.442,52.638,3357592
11/12/2021,52.793,52.999,52.301,52.456,3461145
11/15/2021,52.896,53.898,52.718,53.112,5785936
11/16/2021,53.158,53.505,52.934,53.112,3773458
11/17/2021,53.299,53.58,52.409,52.447,3394780
11/18/2021,52.372,53.093,52.025,52.358,4819620
11/19/2021,52.325,52.456,51.486,51.519,3071132
11/22/2021,51.828,52.156,50.878,51.66,5620806
11/23/2021,51.491,51.725,50.771,51.294,4123274
11/24/2021,51.847,54.329,51.332,53.683,11980318
11/26/2021,52.924,54.076,52.447,52.559,3475960
11/29/2021,53.439,54.208,52.884,53.945,4876179
11/30/2021,53.889,54.189,52.194,52.896,7280769
12/01/2021,53.383,53.627,52.058,52.175,5691055
12/02/2021,51.988,53.646,51.988,53.524,5943416
12/03/2021,53.861,54.929,53.795,54.77,7336134
12/06/2021,55.032,55.547,54.46,55.06,4484446
12/07/2021,55.5,55.725,54.517,55.21,3616494
12/08/2021,55.266,55.266,54.254,54.709,3248584
12/09/2021,54.657,54.873,53.945,53.987,4159211
12/10/2021,54.105,54.395,53.496,53.955,2667878
12/13/2021,53.533,53.852,52.137,52.203,3208020
12/14/2021,51.229,51.669,50.826,51.182,4528183
12/15/2021,51.557,52.521,51.004,52.503,3260111
12/16/2021,52.693,52.868,51.475,51.503,2480803
12/17/2021,51.444,51.547,50.639,51.182,4996404
12/20/2021,50.592,50.742,49.721,50.198,3346533
12/21/2021,50.882,51.969,50.526,51.922,2981309
12/22/2021,51.819,52.222,51.369,51.866,3433520
12/23/2021,52.086,52.69,51.927,52.358,2593401
12/27/2021,52.507,53.187,52.507,53.013,1391210
12/28/2021,52.971,53.711,52.971,53.327,2095020
12/29/2021,53.402,54.142,53.383,53.439,1904707
12/30/2021,53.402,53.505,52.887,52.924,1335780
12/31/2021,52.859,53.093,52.601,52.625,964364
01/03/2022,52.61,53.486,52.601,53.379,2554756
01/04/2022,53.627,55.266,53.627,54.798,5323399
01/05/2022,54.676,55.734,54.203,54.254,5662073
01/06/2022,54.311,54.985,53.936,54.348,2801962
01/07/2022,54.423,54.77,53.692,54.32,2907787
01/10/2022,55.421,56.212,54.901,56.09,9909426
01/11/2022,56.205,56.84,55.952,56.439,5058432
01/12/2022,56.624,56.68,55.378,56.156,2837944
01/13/2022,56.671,56.887,56.081,56.371,3746831
01/14/2022,56.184,56.924,55.866,56.699,5588319
01/18/2022,56.465,56.961,55.641,55.716,4738227
01/19/2022,56.203,56.634,54.264,54.292,3540584
01/20/2022,54.549,55.313,53.72,53.772,2534196
01/21/2022,53.608,53.627,51.763,52.044,3819294
01/24/2022,51.313,52.072,50.049,51.913,4351163
01/25/2022,51.379,52.484,50.208,51.941,3996525
01/26/2022,52.634,53.14,51.472,51.828,2752946
01/27/2022,52.301,53.955,51.566,51.941,3941927
01/28/2022,51.941,52.812,51.248,52.662,3594431
01/31/2022,52.662,53.215,52.404,53.196,2959978
02/01/2022,53.28,54.91,52.915,54.863,3094603
02/02/2022,55.257,55.931,54.948,55.631,3574280
02/03/2022,55.182,56.296,55.116,55.444,2517110
02/04/2022,55.341,55.556,54.564,55.023,1715462
02/07/2022,55.341,55.856,55.116,55.229,1873692
02/08/2022,55.369,56.231,54.91,56.147,2666896
02/09/2022,56.474,57.139,56.254,56.924,3001214
02/10/2022,56.615,57.645,56.334,56.849,3409650
02/11/2022,56.905,57.42,55.594,55.744,2074334
02/14/2022,55.453,55.875,54.545,54.891,1927617
02/15/2022,55.172,56.606,55.135,56.025,3069319
02/16/2022,55.608,56.709,55.58,56.479,2688014
02/17/2022,56.409,56.549,55.491,55.51,2444557
02/18/2022,55.5,56.118,55.041,55.172,2805623
02/22/2022,54.657,55.294,53.308,53.514,2784409
02/23/2022,54.039,54.685,52.971,53.215,2880232
02/24/2022,51.604,52.418,50.929,52.25,5216822
02/25/2022,47.538,49.693,46.049,48.194,12907092
02/28/2022,47.594,48.718,47.126,47.735,5796854
03/01/2022,46.854,47.341,46.461,46.723,4660705
03/02/2022,47.276,50.442,47.089,50.208,5085671
03/03/2022,50.002,50.536,49.145,49.262,3503124
03/04/2022,48.784,49.168,48.147,48.662,2607588
03/07/2022,48.166,48.466,45.88,46.199,4135304
03/08/2022,46.601,48.259,45.946,47.06,5409277
03/09/2022,48.198,49.234,47.899,48.704,3712650
03/10/2022,48.063,48.896,47.8,48.69,3109513
03/11/2022,48.709,49.393,48.278,48.718,2526028
03/14/2022,48.578,49.234,47.192,47.501,2887009
03/15/2022,47.529,48.896,47.36,48.793,2087751
03/16/2022,48.259,49.112,47.416,48.69,4537250
03/17/2022,48.175,48.203,46.386,47.323,5012610
03/18/2022,47.22,48.606,46.864,48.559,4387851
03/21/2022,48.475,49.618,48.409,49.009,3481262
03/22/2022,49.121,49.955,48.99,49.646,2450973
03/23/2022,49.243,50.011,49.177,49.234,2508232
03/24/2022,49.299,50.442,49.112,50.114,2371289
03/25/2022,50.114,51.407,49.983,51.313,2832365
03/28/2022,50.817,51.126,50.32,50.882,2455746
03/29/2022,51.322,51.8,50.873,51.566,3048360
03/30/2022,51.238,51.753,50.751,50.882,2139725
03/31/2022,48.056,48.4,46.997,47.016,5393966
04/01/2022,45.496,45.899,44.597,45.712,7126946
04/04/2022,45.843,46.686,45.665,46.255,2857374
04/05/2022,45.768,46.452,45.576,45.58,2881510
04/06/2022,45.187,45.374,43.791,44.166,4723966
04/07/2022,44.513,45.627,43.96,44.672,5587170
04/08/2022,44.438,45.056,44.138,44.391,3294379
04/11/2022,43.96,44.99,43.791,43.991,3270668
04/12/2022,44.054,44.756,44.035,44.091,3393558
04/13/2022,43.969,44.7,43.941,44.307,2665221
04/14/2022,44.175,44.672,43.922,43.96,3225497
04/18/2022,43.744,44.794,43.679,44.442,3197989
04/19/2022,44.475,45.419,44.4,45.277,4062429
04/20/2022,45.747,46.805,45.747,46.228,2625040
04/21/2022,46.376,46.683,45.187,45.489,2676764
04/22/2022,45.287,45.287,44.174,44.211,3828428
04/25/2022,43.9,44.607,43.329,44.589,3832019
04/26/2022,44.315,44.975,43.834,43.834,2295722
04/27/2022,43.872,44.636,43.136,43.909,2622437
04/28/2022,44.457,45.683,44.197,45.4,2193795
04/29/2022,45.032,46.428,44.268,44.362,3538762
05/02/2022,44.108,44.843,43.768,44.806,2747582
05/03/2022,44.947,45.522,44.541,45.136,2199173
05/04/2022,45.438,46.258,44.551,46.051,3577753
05/05/2022,45.89,46.088,44.249,44.607,2752233
05/06/2022,44.098,44.268,42.787,42.994,4760235
05/09/2022,42.419,43.221,42.145,42.636,3778577
05/10/2022,43.438,43.626,42.193,42.9,3585420
05/11/2022,42.796,43.608,41.825,41.891,3478315
05/12/2022,41.664,42.353,40.716,41.287,5267010
05/13/2022,41.74,43.023,41.674,42.532,3639163
05/16/2022,42.268,42.768,41.938,42.485,2932246
05/17/2022,43.385,44.079,42.885,43.98,3089806
05/18/2022,43.329,43.532,40.787,40.867,3659827
05/19/2022,40.099,40.136,38.561,38.731,5474595
05/20/2022,39.014,39.127,36.151,37.778,7844955
05/23/2022,37.986,39.184,37.986,38.868,7428121
05/24/2022,38.448,39.099,37.637,38.561,5463755
05/25/2022,38.622,41.202,38.565,40.839,4726844
05/26/2022,39.985,41.844,39.618,41.495,6016819
05/27/2022,47.532,49.616,45.702,46.753,14386259
05/31/2022,46.626,47.598,45.626,47.117,12384104
06/01/2022,47.409,48.616,47.069,47.791,4890533
06/02/2022,47.164,48.428,47.098,48.371,3220651
06/03/2022,48.069,48.814,47.805,48.116,2246999
06/06/2022,48.211,48.381,47.107,47.23,2155353
06/07/2022,46.937,48.352,46.569,48.296,2078739
06/08/2022,48.277,48.39,47.475,47.484,1929820
06/09/2022,47.352,48.484,47.164,47.494,2686761
06/10/2022,46.786,47.447,46.244,46.362,1984572
06/13/2022,45.126,45.626,44.409,44.579,2187122
06/14/2022,44.9,45.211,44.348,44.655,1912141
06/15/2022,45.051,45.824,44.457,45.183,2099233
06/16/2022,44.23,44.419,42.825,43.287,2377268
06/17/2022,43.947,45.211,43.707,44.909,4580650
06/21/2022,46.06,46.645,45.588,46.466,4280830
06/22/2022,45.909,46.947,45.664,45.853,3202266
06/23/2022,45.862,46.758,45.579,46.253,2609022
06/24/2022,46.503,47.824,46.268,47.437,7815132
06/27/2022,47.503,47.607,47.079,47.39,2953752
06/28/2022,47.514,47.777,46.111,46.174,2492328
06/29/2022,46.211,46.249,44.57,44.702,2820626
06/30/2022,44.013,44.607,43.306,43.608,3569019
07/01/2022,43.202,43.806,40.007,40.325,5291027
07/05/2022,39.627,40.759,39.212,40.693,3249138
07/06/2022,40.24,40.665,39.176,39.816,3191365
07/07/2022,40.287,41.004,40.221,40.504,2632664
07/08/2022,40.009,40.797,39.735,40.481,2764185
07/11/2022,39.995,40.599,39.91,40.08,1934993
07/12/2022,40.023,41.221,39.967,40.599,3516684
07/13/2022,40.089,41.108,40.004,40.693,3194262
07/14/2022,40.202,40.382,38.995,40.273,2699296
07/15/2022,40.617,41.004,40.212,40.995,1912803
07/18/2022,41.495,41.636,40.367,40.462,1924236
07/19/2022,40.885,41.959,40.885,41.864,1938275
07/20/2022,41.826,42.491,41.322,41.997,2232663
07/21/2022,41.926,42.529,41.583,42.439,1865184
07/22/2022,42.092,42.396,41.061,41.208,2959437
07/25/2022,41.498,42.101,41.103,41.725,1719204
07/26/2022,41.683,41.949,41.141,41.293,2008750
07/27/2022,41.441,42.292,41.232,42.1,1574562
07/28/2022,42.049,42.653,41.716,42.315,1386684
07/29/2022,42.311,42.862,41.845,42.829,1791157
08/01/2022,42.558,43.48,42.387,43.171,1472207
08/02/2022,42.776,43.005,41.94,42.073,1896465
08/03/2022,42.025,42.653,41.284,42.254,2707794
08/04/2022,42.292,42.292,41.398,42.025,2786146
08/05/2022,41.693,43.195,41.636,43.157,2821249
08/08/2022,43.38,44.145,42.967,43.204,2377578
08/09/2022,43.081,43.176,42.368,42.852,2347276
08/10/2022,43.727,44.906,43.622,44.887,1645360
08/11/2022,45.067,46.094,44.982,45.257,1948124
08/12/2022,45.533,45.904,45.295,45.847,1668417
08/15/2022,45.676,46.294,45.609,45.913,1951817
08/16/2022,45.923,46.807,45.78,46.189,1750494
08/17/2022,45.894,45.894,44.844,45.486,1705734
08/18/2022,46.07,46.617,45.452,46.545,1795419
08/19/2022,45.79,45.894,44.991,45.314,1777056
08/22/2022,44.659,44.887,44.25,44.516,2512094
08/23/2022,44.297,45.457,44.297,44.611,2350631
08/24/2022,44.497,44.896,43.908,44.326,1681979
08/25/2022,45.048,45.638,44.82,45.59,3319481
08/26/2022,43.594,43.594,39.145,39.373,11118343
08/29/2022,38.888,40.276,38.518,38.575,5209010
08/30/2022,38.822,39.297,37.733,37.733,3997405
08/31/2022,37.22,37.662,36.293,36.393,5836045
09/01/2022,36.056,36.151,35.262,35.794,3673796
09/02/2022,36.407,36.569,35.609,35.932,2945525
09/06/2022,35.946,35.98,34.977,35.452,3348785
09/07/2022,35.334,36.265,34.921,36.095,3130467
09/08/2022,35.752,36.607,35.59,36.607,3399454
09/09/2022,36.949,37.966,36.949,37.814,2468994
09/12/2022,38.023,38.746,38.023,38.318,2201482
09/13/2022,37.33,37.548,36.255,36.388,3381702
09/14/2022,36.569,36.74,35.932,36.274,2839761
09/15/2022,35.951,36.236,35.447,35.771,3067159
09/16/2022,35.366,36.246,35.11,36.084,5491817
09/19/2022,35.538,36.113,35.338,35.946,2523347
09/20/2022,35.542,35.618,34.906,35.124,2280203
09/21/2022,35.343,35.942,34.939,34.963,2187006
09/22/2022,34.744,35.058,34.411,34.478,2351901
09/23/2022,33.898,34.373,33.08,33.755,2599201
09/26/2022,33.337,33.898,32.923,32.99,3154883
09/27/2022,33.565,33.917,32.843,33.023,2919791
09/28/2022,32.809,33.651,32.809,33.541,2398564
09/29/2022,32.966,33.204,32.135,32.52,4278855
09/30/2022,32.634,33.232,32.405,32.491,2546844
10/03/2022,32.819,34.354,32.515,34.121,3619261
10/04/2022,34.772,35.637,34.715,35.604,2230615
10/05/2022,35.124,36.236,34.944,35.999,2121871
10/06/2022,36.041,36.426,35.533,35.623,2396894
10/07/2022,34.269,34.687,32.833,32.89,4291995
10/10/2022,33.185,33.309,32.025,32.776,2803867
10/11/2022,32.7,33.023,32.068,32.187,2681731
10/12/2022,32.092,32.434,31.921,32.116,2530439
10/13/2022,31.436,33.518,31.27,33.261,2606391
10/14/2022,33.337,33.499,32.339,32.558,1956642
10/17/2022,32.738,33.432,32.405,32.776,3106547
10/18/2022,33.453,33.784,32.642,33.199,2095460
10/19/2022,32.661,33.583,32.536,33.117,1842675
10/20/2022,33.131,34.293,33.131,33.439,1812259
10/21/2022,33.942,35.492,33.846,35.382,2517325
10/24/2022,35.54,36.001,35.176,35.776,2009293
10/25/2022,35.713,36.443,35.598,36.236,2030758
10/26/2022,35.819,36.683,35.692,36.27,1972306
10/27/2022,36.567,36.903,35.982,36.27,2895670
10/28/2022,36.443,37.806,36.443,37.59,2642321
10/31/2022,37.129,37.335,36.755,36.87,2213985
11/01/2022,37.374,37.671,36.539,37.575,1900737
11/02/2022,37.446,37.729,36.145,36.179,2284214
11/03/2022,35.665,36.308,35.531,35.838,1968228
11/04/2022,36.721,37.748,36.587,37.441,2263695
11/07/2022,37.518,38.381,37.374,38.266,2058343
11/08/2022,38.554,39.399,38.439,38.794,1966614
11/09/2022,38.285,38.679,37.642,37.762,1664424
11/10/2022,39.38,40.051,38.861,40.023,3146021
11/11/2022,40.032,41.338,39.888,40.963,2055778
11/14/2022,39.994,41.203,39.994,40.55,2264177
11/15/2022,41.463,41.683,40.484,40.656,2567631
11/16/2022,40.291,40.291,39.394,39.524,2118116
11/17/2022,39.034,40.224,38.727,40.08,1994714
11/18/2022,40.157,40.445,39.701,40.339,3224114
11/21/2022,39.885,40.032,38.292,39.443,6220814
11/22/2022,40.056,42.192,38.779,42.081,11396735
11/23/2022,42.086,43.507,41.789,42.806,4375207
11/25/2022,42.71,43.257,42.633,42.844,1836311
11/28/2022,42.427,42.518,41.808,41.841,2473025
11/29/2022,41.894,42.173,41.654,41.789,2869568
11/30/2022,41.702,43.008,41.026,42.998,5619863
12/01/2022,43.19,43.535,42.585,43.108,1888600
12/02/2022,42.494,42.931,42.163,42.739,2122674
12/05/2022,42.125,42.297,41.222,41.366,1943358
12/06/2022,41.28,41.414,40.378,40.771,2472221
12/07/2022,40.349,40.57,39.821,40.224,2328558
12/08/2022,40.359,40.742,40.037,40.55,3014436
12/09/2022,40.205,40.81,40.08,40.157,1509031
12/12/2022,39.97,41.155,39.72,41.15,2997805
12/13/2022,42.532,42.566,40.877,41.141,2288768
12/14/2022,40.877,41.174,39.831,39.994,2654828
12/15/2022,39.264,39.264,37.71,37.834,3799305
12/16/2022,37.393,37.863,37.151,37.671,3919681
12/19/2022,37.762,37.834,37.09,37.426,2241457
12/20/2022,37.191,37.566,37.114,37.374,1547637
12/21/2022,37.575,37.959,37.46,37.537,2437304
12/22/2022,36.913,37.575,36.491,37.575,1792333
12/23/2022,37.623,37.7,37.076,37.546,1154658
12/27/2022,37.642,37.997,37.364,37.815,1566202
12/28/2022,37.796,37.911,37.043,37.191,1558083
12/29/2022,37.532,38.314,37.427,38.213,1301449
12/30/2022,37.906,38.602,37.801,38.602,1304845
01/03/2023,38.933,39.332,38.367,39.26,2230843
01/04/2023,39.725,39.927,38.943,39.288,2182697
01/05/2023,39.111,39.447,38.66,39.226,1993761
01/06/2023,39.514,40.877,39.178,40.704,2409112
01/09/2023,40.982,41.366,40.488,40.584,2486454
01/10/2023,40.387,40.915,40.142,40.771,2119615
01/11/2023,40.387,40.503,38.084,39.178,4674482
01/12/2023,38.89,39.072,38.18,38.333,3656068
01/13/2023,37.777,38.593,37.422,38.573,2749742
01/17/2023,38.516,38.573,37.863,38.425,2251137
01/18/2023,38.65,38.871,38.093,38.415,2350533
01/19/2023,37.834,38.257,37.46,37.873,2830367
01/20/2023,38.247,38.669,37.815,38.641,2533364
01/23/2023,39.12,39.946,38.957,39.38,2266581
01/24/2023,38.896,39.737,38.809,39.263,1558386
01/25/2023,38.702,39.457,38.484,39.205,2405557
01/26/2023,39.621,39.718,38.915,39.655,1379822
01/27/2023,39.379,39.834,38.992,39.002,2350657
01/30/2023,38.663,39.099,38.547,38.712,1484747
01/31/2023,38.654,39.302,38.218,39.297,2229796
02/01/2023,39.186,40.095,39.031,39.892,3045159
02/02/2023,40.154,41.682,40.139,41.073,4022100
02/03/2023,40.599,41.392,40.347,40.86,2533379
02/06/2023,40.811,40.811,39.002,39.631,3642305
02/07/2023,39.539,40.831,39.476,40.628,2863272
02/08/2023,40.328,40.87,40.221,40.483,2118665
02/09/2023,41.218,41.576,40.555,40.671,2461201
02/10/2023,40.521,41.847,40.366,41.324,3127103
02/13/2023,41.421,42.398,41.257,42.002,2574464
02/14/2023,41.847,42.379,41.537,41.629,1889257
02/15/2023,41.169,41.653,41.092,41.407,1490386
02/16/2023,41.092,42.302,40.966,41.329,2550069
02/17/2023,41.208,41.576,40.947,41.102,2211941
02/21/2023,40.55,41.063,40.337,40.56,3574520
02/22/2023,40.695,40.889,40.25,40.453,1832376
02/23/2023,40.831,41.053,40.093,40.676,2695629
02/24/2023,39.979,40.444,39.776,40.26,2957329
02/27/2023,40.763,40.821,39.545,39.689,3773196
02/28/2023,39.539,40.328,39.2,39.336,6509278
03/01/2023,39.515,39.621,38.673,39.118,5726051
03/02/2023,38.896,38.944,37.633,38.847,7894836
03/03/2023,37.793,39.66,37.56,38.509,6646708
03/06/2023,38.954,39.002,37.822,37.831,4554339
03/07/2023,37.851,38.247,36.757,36.767,3934748
03/08/2023,36.961,37.541,36.796,37.522,2454856
03/09/2023,37.328,37.657,36.496,36.583,2299505
03/10/2023,36.448,36.516,35.108,35.529,3098978
03/13/2023,34.996,35.625,34.793,35.383,4925302
03/14/2023,36.278,37.057,35.959,36.327,3827325
03/15/2023,35.722,36.893,35.654,36.293,4187405
03/16/2023,35.335,36.874,35.267,36.835,5204562
03/17/2023,36.632,36.951,35.679,36.003,12591417
03/20/2023,36.37,37.58,36.274,37.299,5194227
03/21/2023,37.735,38.073,37.478,37.88,3068331
03/22/2023,37.948,38.199,36.815,36.815,2817689
03/23/2023,37.077,37.357,36.167,36.574,2686642
03/24/2023,36.409,36.457,35.616,36.167,3502921
03/27/2023,36.569,36.922,36.414,36.782,2379800
03/28/2023,36.651,37.077,36.341,37.072,3436507
03/29/2023,37.638,37.967,37.386,37.841,3289261
03/30/2023,38.189,38.654,38.16,38.576,3687669
03/31/2023,38.644,39.08,38.639,38.896,3451358
04/03/2023,38.838,39.815,38.76,39.641,3916877
04/04/2023,39.902,40.008,39.176,39.534,3235150
04/05/2023,39.409,39.796,39.031,39.505,2662427
04/06/2023,39.273,39.467,38.92,38.925,1835697
04/10/2023,38.605,40.095,38.605,40.086,3012046
04/11/2023,40.081,40.589,40.062,40.255,2400735
04/12/2023,40.444,40.628,39.815,40.512,3064292
04/13/2023,40.603,41.382,40.412,41.271,3352046
04/14/2023,41.353,42.311,41.305,41.871,6017596
04/17/2023,41.368,42.572,41.329,42.5,5531284
04/18/2023,42.805,44.169,42.766,44.024,8291680
04/19/2023,43.027,43.84,42.398,42.408,5938567
04/20/2023,42.002,42.156,41.363,41.532,3901243
04/21/2023,41.344,41.74,41.14,41.702,3397811
04/24/2023,41.672,41.838,41.345,41.643,2363677
04/25/2023,41.575,41.643,40.696,40.696,1939743
04/26/2023,40.745,41.175,40.467,40.648,2115685
04/27/2023,40.818,41.78,40.784,41.78,2532244
04/28/2023,41.872,42.59,41.789,42.429,3216717
05/01/2023,42.444,43.048,42.342,42.757,3690368
05/02/2023,43.927,44.551,42.824,43.692,5841616
05/03/2023,43.971,44.649,43.722,44.068,4306739
05/04/2023,43.946,44.063,43.024,43.107,3023061
05/05/2023,43.668,44.698,43.541,44.293,3147390
05/08/2023,44.429,45.078,44.088,44.917,3332345
05/09/2023,44.986,45.108,44.18,44.898,2594183
05/10/2023,45.303,45.439,44.351,44.727,2603731
05/11/2023,44.522,44.61,43.409,43.629,3201582
05/12/2023,43.644,43.722,43.126,43.683,1932017
05/15/2023,43.727,43.917,43.38,43.873,2384973
05/16/2023,43.761,45.02,43.6,44.288,3337187
05/17/2023,44.698,45.059,44.151,44.746,1912914
05/18/2023,44.668,46.171,44.551,45.986,3392706
05/19/2023,46.22,47.03,46.22,46.596,4340245
05/22/2023,45.625,46.786,45.254,46.396,2959816
05/23/2023,46.201,46.454,45.225,45.234,3460617
05/24/2023,44.951,44.951,44.161,44.8,2586176
05/25/2023,45.674,47.157,45.434,46.923,3300208
05/26/2023,46.991,47.381,46.337,47.342,3393863
05/30/2023,47.616,47.918,46.035,46.176,4410719
05/31/2023,44.873,45.059,43.38,43.722,8291108
06/01/2023,43.922,46.357,43.634,44.366,13049607
06/02/2023,44.4,46.689,44.274,46.128,6294415
06/05/2023,46.123,46.435,44.21,44.405,5090158
06/06/2023,44.288,45.947,44.073,45.727,4586532
06/07/2023,45.733,46.63,45.645,46.504,3360820
06/08/2023,46.835,46.942,46.064,46.732,3162007
06/09/2023,46.933,47.499,46.445,46.474,2610736
06/12/2023,46.571,46.962,46.469,46.933,3049939
06/13/2023,47.118,47.645,47.089,47.616,2108556
06/14/2023,47.46,48.494,47.46,48.182,3270781
06/15/2023,48.162,49.245,47.991,48.997,2597025
06/16/2023,48.987,49.089,48.338,48.465,8315674
06/20/2023,48.318,48.387,47.567,48.152,3373236
06/21/2023,48.679,49.372,48.216,48.845,4875782
06/22/2023,48.64,50.202,48.562,50.056,5347224
06/23/2023,49.372,50.417,49.294,49.665,16145533
06/26/2023,49.89,50.339,49.5,50.095,2947229
06/27/2023,50.085,50.329,49.626,50.153,2928968
06/28/2023,49.802,50.67,49.685,50.524,2341729
06/29/2023,50.748,51.871,50.553,51.832,3484028
06/30/2023,52.642,53.296,52.466,52.817,4400738
07/03/2023,52.7,53.462,52.447,53.335,1387964
07/05/2023,52.783,53.364,52.568,52.91,2226817
07/06/2023,52.364,53.022,52.061,52.51,3035455
07/07/2023,52.622,53.208,52.183,52.251,4621109
07/10/2023,51.988,53.559,51.939,53.549,2658616
07/11/2023,53.676,54.516,53.559,54.379,3854847
07/12/2023,54.164,54.35,52.847,52.866,4857040
07/13/2023,53.247,54.32,52.915,54.301,4528394
07/14/2023,54.242,54.75,53.52,54.135,3630142
07/17/2023,54.242,54.32,53.374,53.379,2460427
07/18/2023,53.657,53.725,51.841,52.534,4310136
07/19/2023,52.671,53.208,52.651,52.993,2218437
07/20/2023,52.554,52.925,51.959,52.3,2768989
07/21/2023,52.154,52.974,52.144,52.281,2296332
07/24/2023,52.846,53.293,52.654,52.816,2236312
07/25/2023,53.067,53.715,53.067,53.44,2009814
07/26/2023,53.308,53.607,52.836,52.993,1511760
07/27/2023,53.489,53.833,52.664,52.802,2061221
07/28/2023,53.204,53.48,51.617,51.691,2467247
07/31/2023,51.632,52.241,51.455,52.006,2578229
08/01/2023,51.873,52.752,51.873,52.453,1993922
08/02/2023,52.128,52.34,51.558,52.045,2300511
08/03/2023,51.598,53.028,51.155,52.571,1958335
08/04/2023,52.664,53.617,52.143,52.32,1915324
08/07/2023,52.605,53.696,52.605,53.607,1643027
08/08/2023,54.089,57.705,53.873,56.595,6879369
08/09/2023,56.477,56.87,55.568,55.592,2048173
08/10/2023,56.202,56.388,54.462,55.032,2571107
08/11/2023,55.101,56.585,54.787,55.848,2302483
08/14/2023,55.543,55.976,55.317,55.769,1637102
08/15/2023,55.583,55.71,54.728,54.747,1571425
08/16/2023,54.723,55.337,54.212,54.251,1392434
08/17/2023,54.344,54.865,53.681,53.873,3091593
08/18/2023,53.568,54.394,53.391,54,1870495
08/21/2023,54.128,55.475,54.128,55.091,3230629
08/22/2023,55.455,55.583,54.59,54.826,1732702
08/23/2023,55.249,55.936,54.747,55.848,2203883
08/24/2023,56.447,56.664,55.249,55.73,3032586
08/25/2023,55.804,55.897,54.664,55.254,2192932
08/28/2023,55.386,56.506,55.101,56.202,2086569
08/29/2023,56.192,56.29,55.347,55.524,3390730
08/30/2023,53.735,54.983,52.693,54.718,4782063
08/31/2023,55.023,55.818,54.601,55.299,5429581
09/01/2023,63.14,69.066,62.756,66.963,27944030
09/05/2023,66.874,68.623,66.373,66.923,7509367
09/06/2023,66.825,69.262,66.658,69.242,6296678
09/07/2023,68.27,69.4,67.385,67.778,6181055
09/08/2023,68.171,69.665,67.896,69.311,3941378
09/11/2023,69.891,71.562,69.341,70.913,4741522
09/12/2023,70.412,71.021,69.37,69.508,3308407
09/13/2023,69.694,69.97,68.555,69.242,2077427
09/14/2023,69.252,69.93,68.908,69.921,2460760
09/15/2023,69.675,69.862,67.464,68.102,4387706
09/18/2023,67.817,68.25,67.218,67.942,2291977
09/19/2023,68.599,69.193,68.083,68.663,2839354
09/20/2023,68.698,69.233,67.676,67.754,2457790
09/21/2023,67.08,68.004,66.864,67.257,2759625
09/22/2023,67.542,69.37,67.434,68.869,3577092
09/25/2023,68.977,69.753,68.201,68.83,2379964
09/26/2023,68.599,68.83,67.744,67.754,2576132
09/27/2023,68.594,68.771,66.068,66.795,3501469
09/28/2023,67.031,68.073,66.884,67.306,2506715
09/29/2023,67.906,68.397,67.365,67.759,5210153
10/02/2023,67.424,68.132,66.176,66.53,3072539
10/03/2023,67.552,67.749,65.665,66.088,3509375
10/04/2023,66.147,66.697,65.312,66.029,5051241
10/05/2023,65.145,65.901,63.209,65.066,5654278
10/06/2023,65.567,65.911,64.751,65.262,6842796
10/09/2023,65.1,66.294,64.864,66.024,5369335
10/10/2023,66.181,67.365,66.181,66.859,6744404
10/11/2023,67.061,69.134,66.904,69.125,4284023
10/12/2023,68.82,69.547,67.464,67.857,3381856
10/13/2023,68.22,69.419,66.584,66.894,3600370
10/16/2023,66.707,67.424,66.098,66.569,3464022
10/17/2023,66.103,67.464,65.552,66.722,2909372
10/18/2023,66.083,67.149,65.71,65.72,2740451
10/19/2023,66.078,67.493,65.631,65.872,3908809
10/20/2023,65.665,66.088,64.221,64.781,3694119
10/23/2023,64.682,65.493,63.931,64.771,2428571
10/24/2023,65.611,66.372,65.245,66.155,3305703
10/25/2023,66.046,66.748,65.305,65.572,2727704
10/26/2023,65.364,65.819,63.15,63.763,2738790
10/27/2023,64.237,65.384,64.237,65.166,2586051
10/30/2023,65.176,66.006,65.071,65.651,1956585
10/31/2023,65.255,66.174,64.959,66.135,1873063
11/01/2023,66.501,67.934,65.967,67.854,2512684
11/02/2023,68.566,69.11,67.509,67.845,2587870
11/03/2023,68.176,69.238,67.835,68.694,2681672
11/06/2023,68.942,71.452,68.942,71.106,4805300
11/07/2023,70.76,71.462,70.315,70.8,3815228
11/08/2023,70.819,71.649,70.197,71.63,2759746
11/09/2023,71.778,72.41,70.819,71.392,2962762
11/10/2023,71.857,72.924,71.56,72.638,2098545
11/13/2023,71.995,73.181,71.501,72.895,2591147
11/14/2023,73.562,73.586,72.465,73.013,2975341
11/15/2023,72.163,73.25,71.659,72.074,4127878
11/16/2023,71.946,72.223,70.968,71.659,2950437
11/17/2023,71.946,73.142,71.758,72.756,2116926
11/20/2023,73.023,73.152,72.252,72.499,2612345
11/21/2023,72.964,73.181,72.055,72.727,2760493
11/22/2023,73.379,74.496,73.142,73.804,2795681
11/24/2023,73.754,74.17,73.3,73.537,1292058
11/27/2023,73.448,74.249,72.48,73.586,2933152
11/28/2023,73.132,74.031,72.984,73.161,2379416
11/29/2023,73.577,75.197,73.542,74.169,3861397
11/30/2023,74.224,75.089,73.764,75.039,8893851
12/01/2023,71.018,72.203,67.697,71.102,11843870
12/04/2023,70.039,70.226,67.864,68.457,5659434
12/05/2023,68.398,69.495,68.299,68.487,4024388
12/06/2023,68.665,69.001,66.718,66.846,3401866
12/07/2023,66.777,68.003,66.777,67.785,3665312
12/08/2023,67.627,68.497,67.627,67.884,2361999
12/11/2023,67.785,68.942,67.686,68.428,3249727
12/12/2023,68.289,69.485,68.131,69.199,2736080
12/13/2023,69.169,69.653,68.452,69.06,3563003
12/14/2023,70.167,71.61,70.058,71.58,5929898
12/15/2023,71.18,72.134,70.557,70.775,4608138
12/18/2023,70.78,72.816,70.211,72.509,4110070
12/19/2023,72.835,73.142,72.002,72.657,2003091
12/20/2023,72.677,73.409,71.462,71.57,3601012
12/21/2023,72.534,74.515,72.534,74.431,3715332
12/22/2023,74.792,75.257,74.169,74.822,3453223
12/26/2023,75.099,76.393,74.98,76.077,2353465
12/27/2023,76.116,76.541,76.018,76.354,1572931
12/28/2023,76.097,76.275,75.751,75.77,1238441
12/29/2023,75.919,76.027,75.306,75.593,1879482
01/02/2024,74.565,75.108,73.448,73.922,2437905
01/03/2024,73.814,75.909,73.68,75.696,2875020
01/04/2024,75.77,76.225,74.95,75.089,2329932
01/05/2024,74.555,75.553,74.446,74.95,2142269
01/08/2024,77.085,78.735,76.452,78.429,5568541
01/09/2024,78.241,78.518,76.156,76.215,3549639
01/10/2024,76.917,77.836,76.769,77.312,2338686
01/11/2024,77.846,78.864,76.63,78.775,3295484
01/12/2024,79.002,79.328,78.261,78.38,4161433
01/16/2024,78.073,78.636,77.579,78.587,3163693
01/17/2024,77.579,77.875,75.998,76.709,3982112
01/18/2024,77.787,78.073,76.788,77.48,2418421
01/19/2024,78.196,83.766,78.196,82.278,7733579
01/22/2024,83.127,83.177,80.407,80.586,3338004
01/23/2024,80.407,81.867,79.951,81.827,2092746
01/24/2024,82.889,84.299,82.393,83.097,2853917
01/25/2024,83.877,84.418,82.403,82.432,2257085
01/26/2024,81.906,83.763,81.516,83.604,2384045
01/29/2024,83.763,84.05,82.735,82.79,2110623
01/30/2024,85.093,85.817,83.703,84.179,2971535
01/31/2024,82.671,82.978,81.217,82.274,2811430
02/01/2024,82.988,85.351,82.393,85.152,2145150
02/02/2024,85.003,86.264,84.596,85.659,2808555
02/05/2024,85.897,86.234,84.14,85.063,1775559
02/06/2024,85.103,85.361,81.559,82.075,3904512
02/07/2024,82.829,83.217,82.174,83.107,2282263
02/08/2024,82.998,84.517,82.899,84.194,2185007
02/09/2024,84.626,86.016,84.388,85.569,1769676
02/12/2024,85.867,86.254,85.202,85.986,2330564
02/13/2024,84.368,84.567,82.844,83.37,2453040
02/14/2024,84.438,85.599,84.1,85.41,1835827
02/15/2024,84.855,85.281,81.817,82.115,3333653
02/16/2024,82.69,84.696,82.184,83.634,3935978
02/20/2024,83.266,83.375,80.626,81.936,2154548
02/21/2024,80.695,81.211,79.901,80.814,2463964
02/22/2024,85.331,88.468,84.775,87.148,6610001
02/23/2024,88.403,92.002,87.356,89.679,5573939
02/26/2024,91.942,94.295,91.128,92.081,6435942
02/27/2024,92.32,92.796,90.066,90.88,4551092
02/28/2024,91.426,93.679,90.604,92.558,4682919
02/29/2024,90.339,94.106,90.339,94.012,11814758
03/01/2024,123.599,130.101,115.598,123.629,54667215
03/04/2024,123.043,128.106,119.916,120.889,19780632
03/05/2024,119.866,120.631,113.057,116.888,12073366
03/06/2024,118.571,119.678,116.104,117.643,8450998
03/07/2024,119.122,121.127,118.437,119.628,7761687
03/08/2024,119.41,119.886,114.104,115.399,8634995
03/11/2024,114.634,115.975,112.798,115.011,4602135
03/12/2024,116.442,117.424,112.57,112.719,5415808
03/13/2024,112.67,113.493,108.53,109.215,5607913
03/14/2024,109.89,110.595,104.232,105.721,6582027
03/15/2024,106.366,108.183,104.867,106.207,7530431
03/18/2024,106.207,107.081,103.894,105.85,6109287
03/19/2024,106.237,108.083,104.276,106.758,6687873
03/20/2024,107.12,110.515,105.284,110.237,8093860
03/21/2024,112.352,114.923,111.429,113.186,9998781
03/22/2024,112.079,112.967,110.972,111.429,3756956
03/25/2024,110.456,113.97,109.505,112.163,5077401
03/26/2024,112.521,115.995,112.421,113.821,6017202
03/27/2024,113.176,114.387,110.118,110.893,3405358
03/28/2024,111.429,113.613,111.071,113.305,3173621
04/01/2024,113.414,118.834,113.414,118.765,6589154
04/02/2024,116.531,117.921,114.466,117.524,4436325
04/03/2024,116.928,128.811,116.799,127.689,17042175
04/04/2024,128.9,135.164,125.748,126.19,16528716
04/05/2024,127.063,131.947,122.606,131.739,9163216
04/08/2024,131.977,132.464,124.641,126.22,9823257
04/09/2024,125.505,125.823,119.569,122.785,7901632
04/10/2024,120.303,125.148,120.214,122.447,4850731
04/11/2024,122.706,124.86,122.239,123.122,3899440
04/12/2024,120.601,121.455,116.749,116.938,5906779
04/15/2024,118.129,121.604,116.412,116.948,5283105
04/16/2024,115.806,120.849,114.834,120.174,5156573
04/17/2024,121.723,122.765,117.444,118.705,4322286
04/18/2024,118.735,118.775,114.665,117.494,3851522
04/19/2024,115.509,118.308,113.464,113.92,7448378
04/22/2024,114.602,117.931,113.855,115.19,4114881
04/23/2024,115.978,120.661,115.301,120.229,3957850
04/24/2024,125.574,125.574,118.898,119.705,4721816
04/25/2024,117.921,124.847,116.596,124.418,5126362
04/26/2024,125.186,126.113,122.615,124.618,3863122
04/29/2024,124.767,127.288,122.844,127.229,3504798
04/30/2024,125.814,126.551,123.412,124.139,3466890
05/01/2024,122.485,123.731,117.024,118.34,5752878
05/02/2024,121.22,123.482,117.954,123.023,3482657
05/03/2024,125.056,127.149,124.279,124.718,3012275
05/06/2024,124.566,128.943,123.82,128.941,4097644
05/07/2024,127.777,129.252,125.814,127.139,2495025
05/08/2024,126.72,131.424,125.564,131.285,3458640
05/09/2024,130.717,131.962,128.823,131.285,2743226
05/10/2024,133.467,134.135,130.966,132.261,3297440
05/13/2024,132.839,134.434,130.228,130.597,3042596
05/14/2024,129.042,134.224,128.155,133.577,3176324
05/15/2024,139.416,149.761,138.181,148.634,13532492
05/16/2024,149.98,150.319,143.004,145.734,6811340
05/17/2024,147.826,149.761,145.375,149.062,4788986
05/20/2024,150.378,154.056,144.519,144.987,7799305
05/21/2024,144.549,149.382,143.502,146.811,5023618
05/22/2024,147.399,148.475,145.361,147.189,3505479
05/23/2024,158.44,162.148,149.611,153.059,12862967
05/24/2024,155.481,166.194,154.076,159.636,14070162
05/28/2024,167.848,169.103,160.453,165.616,14721414
05/29/2024,164.988,179.079,163.732,178.72,18777663
05/30/2024,178.182,178.222,164.539,169.323,35463063
05/31/2024,143.303,144.299,130.557,139.217,54969156
06/03/2024,140.064,140.254,130.547,131.564,26227856
06/04/2024,131.743,138.5,131.424,135.291,18318296
06/05/2024,135.221,138.918,132.49,137.232,16306895
06/06/2024,135.779,136.227,131.698,133.542,11080643
06/07/2024,131.045,133.597,127.149,129.501,14905172
06/10/2024,128.554,134.992,127.956,132.092,11395273
06/11/2024,131.045,134.384,129.571,131.185,7293827
06/12/2024,132.371,132.48,129.65,131.334,9296055
06/13/2024,131.534,135.719,131.344,134.533,13540639
06/14/2024,132.909,135.062,130.836,134.434,10580886
06/17/2024,136.656,144.24,136.556,141.519,22735293
06/18/2024,143.084,153.607,142.805,148.784,28081964
06/20/2024,156.084,160.962,144.519,148.066,34030982
06/21/2024,145.276,146.681,140.154,144.708,13627506
06/24/2024,142.81,143.064,137.085,137.094,11136842
06/25/2024,138.833,141.26,137.134,139.875,6781661
06/26/2024,138.041,140.822,134.623,137.752,10623699
06/27/2024,137.354,141.34,137.124,138.938,6908660
06/28/2024,139.048,141.28,135.739,137.344,16348931
07/01/2024,137.007,144.19,133.171,142.329,8790302
07/02/2024,139.735,143.044,139.436,142.972,5166393
07/03/2024,147.179,148.953,140.105,141.801,11209100
07/05/2024,141.708,142.267,137.832,138.48,7093224
07/08/2024,139.513,146.611,138.715,145.427,10239245
07/09/2024,145.555,149.711,143.336,145.256,9419385
07/10/2024,145.784,146.721,141.34,145.241,5665988
07/11/2024,145.057,145.944,138.938,140.284,6656694
07/12/2024,139.117,141.051,137.025,139.088,5739337
07/15/2024,140.263,140.602,136.048,136.835,6284501
07/16/2024,137.164,137.254,131.932,133.906,7867642
07/17/2024,127.697,129.321,124.239,124.757,12582063
07/18/2024,126.192,126.501,121.608,124.937,7046474
07/19/2024,124.977,127.438,123.84,125.355,5378419
07/22/2024,127.727,129.421,126.641,128.275,4651465
07/23/2024,126.95,128.15,125.35,125.87,4581535
07/24/2024,123.53,123.53,115.89,116.12,12275739
07/25/2024,116,116,110.33,111.5,14054587
07/26/2024,114.25,114.7199,111.5501,113.59,5918852
07/29/2024,114.36,115.5,110.95,111.16,5720704
07/30/2024,112.31,113.25,105.77,108.61,8652985
07/31/2024,114.76,116.6,112.2,113.68,9196931
08/01/2024,112.93,115.21,107.53,108.38,6345263
08/02/2024,101.7,103.8,99.93,102.47,9322180
08/05/2024,90.48,99.89,90.13,98.17,10586297
08/06/2024,98.66,99.27,93.34,94.66,12848589
08/07/2024,90.37,93.03,86.93,87.87,18171496
08/08/2024,89.77,91.7,88.45,91.45,8477238
08/09/2024,89.48,93.43,88.57,92.5,6714833
08/12/2024,92.2,97.9,91.835,95.23,8081304
08/13/2024,97.1,101.49,96.57,99.94,11422810
08/14/2024,101.23,104.37,100.31,102.95,10054019
08/15/2024,107.06,110.96,105.41,110.33,13424697
08/16/2024,108.9,112.16,108.06,111.27,8915151
08/19/2024,111,112.0625,108.38,111.7901,6690321
08/20/2024,111.75,112.48,109.56,110.71,4977417
08/21/2024,110.85,111.9,108.86,111.7,4838509
08/22/2024,112.6,114.02,108.67,108.98,5920891
08/23/2024,110.35,112.66,110.0701,111.985,4911375
08/26/2024,112.01,114.15,110.35,111.66,5950892
08/27/2024,110.33,112.37,109.71,111.94,4944226
08/28/2024,110.3,112.07,108.21,111.55,7583312
08/29/2024,108.28,114.44,108.1,110.73,19329189
08/30/2024,115.36,117.72,110.65,115.58,28412072
09/03/2024,114.88,116.69,109.1204,110.8,11124709
09/04/2024,109,110.55,107.3101,109.05,6618412
09/05/2024,107,108.3,105.13,107.16,7200204
09/06/2024,106.52,108.21,101.41,102,9700090
09/09/2024,107.35,107.65,105.1,105.88,15516883
09/10/2024,106.15,107.53,105.42,106.64,7579534
09/11/2024,107.15,108.9,105.55,108.8,7769085
09/12/2024,108.7,113.23,108.6,112.17,7979323
09/13/2024,112.18,114.65,111.395,114.32,5562539
09/16/2024,112.38,115.8,112.225,115.43,6753587
09/17/2024,117.71,118.31,115.04,116.84,7397311
09/18/2024,117.58,119.62,115.94,116.05,8781587
09/19/2024,120.07,120.07,117.36,117.77,8785302
09/20/2024,116.5,119.05,115.08,117.52,52630154
09/23/2024,117.55,118.1,116.58,117.52,5866386
09/24/2024,118.17,118.44,116,117.29,4710568
09/25/2024,117.27,120.24,117.07,120.17,6560409
09/26/2024,122.375,127,121.39,126.43,10617894
09/27/2024,124,124.41,120.07,120.29,10926568
